1483131
1483111
1483106
1483109
1483108
1483102
1483103
1483110
1483107
1483105
1483104
1483235
1483145
1483238
1483239
1483236
1483233
1483237
1483234
1483144
1483240
1483141
1483142
1483100
1483242
1483143
1483101
1483140
1483119
1483099
1483241
1483942
1483941
1483871
1483870
1483872
1483866
1483862
1483867
1483868
1483869
1483861
1483860
1483859
1483660
1483628
1483659
1483656
1483655
1483600
1483557
1483657
1483651
1483601
1483662
1483661
1483658
1483654
1483624
1483652
1483558
1483663
1483649
1483643
1483637
1483585
1483664
1483620
1483666
1483593
1483556
1483650
1483586
1483582
1483575
1483621
1483606
1483604
1483603
1483592
1483594
1483647
1483602
1483562
1483609
1483608
1483607
1483605
1483598
1483597
1483667
1483641
1483640
1483636
1483644
1483563
1483665
1483622
1483599
1483674
1483648
1483646
1483642
1483626
1483619
1483581
1483573
1483570
1483677
1483576
1483623
1483675
1483668
1483630
1483627
1483595
1483571
1483645
1483694
1483692
1483591
1483572
1483552
1483631
1483596
1483554
1483703
1483702
1483695
1483693
1483673
1483639
1483625
1483584
1483574
1483559
1483676
1483653
1483632
1483704
1483678
1483633
1483565
1483553
1477037
1483568
1483679
1483590
1484010
1484009
1483685
1483634
1483566
1483569
1483701
1483698
1483638
1483583
1483580
1484011
1483635
1483564
1483629
1483699
1483683
1483671
1483567
1483555
1483513
1483669
1483561
1483684
1483514
1483700
1483696
1483579
1483672
1483560
1483681
1483682
1483613
1483711
1483670
1483712
1483618
1483615
1483706
1483697
1483708
1483612
1483707
1483713
1483680
1483616
1483614
1483611
1483610
1483709
1448965
1483705
1483587
1483617
1483588
1483710
1483852
1483589
1483987
1483853
1476912
1448964
1448960
1483986
1448961
1476914
1448962
1483779
1448959
1483985
1483743
1483747
1483780
1483719
1448963
1483742
1483748
1476913
1483813
1483746
1483744
1483739
1483966
1483961
1483827
1483825
1483823
1483821
1483749
1483736
1483814
1483745
1483740
1483970
1483969
1483826
1483824
1483822
1483751
1483750
1483984
1483728
1483993
1483975
1483973
1483962
1483828
1483737
1483735
1483759
1483920
1483816
1483761
1483994
1483972
1483971
1483964
1483963
1483738
1483130
1483686
1483888
1483950
1483948
1483921
1483815
1483762
1483741
1483995
1483968
1483967
1483760
1483890
1483889
1483687
1483958
1483952
1483923
1483922
1483729
1483979
1483978
1483976
1483974
1483139
1483943
1483818
1483688
1483959
1483949
1483924
1483820
1483812
1483730
1483997
1483980
1483965
1483960
1483714
1483691
1483944
1483689
1483891
1483998
1483996
1483982
1483981
1483977
1483690
1483715
1483906
1483887
1483727
1483819
1483734
1483953
1483939
1483936
1483927
1483908
1483896
1483983
1483723
1483716
1483907
1483817
1483951
1483926
1483849
1483843
1483811
1483992
1483957
1483940
1483937
1483928
1483919
1483909
1483999
1483717
1483991
1483929
1483938
1483913
1483911
1483886
1483837
1483809
1483756
1483733
1483954
1483945
1483930
1483912
1483902
1483895
1483838
1483904
1483722
1483810
1483718
1483898
1483932
1483910
1483846
1483841
1483781
1483989
1483955
1483934
1483931
1483925
1483918
1483914
1483844
1483720
1483899
1483758
1483933
1483885
1483884
1483842
1483840
1483839
1483956
1483946
1483755
1483900
1483848
1483773
1483732
1483935
1483915
1483947
1483903
1483721
1483805
1483851
1483757
1483726
1483901
1483883
1483882
1483873
1483778
1483917
1483916
1483855
1483850
1483765
1483874
1483864
1483863
1483774
1483767
1483847
1483766
1483731
1483865
1483770
1483804
1483829
1483799
1483754
1483725
1483875
1483777
1483854
1483785
1483803
1483798
1483800
1483771
1483806
1483752
1483880
1483830
1483772
1483796
1483878
1483807
1483753
1483724
1483881
1483831
1483775
1483768
1483794
1448968
1483801
1483797
1483808
1483897
1483858
1483776
1483795
1483544
1483905
1483879
1483857
1483769
1483793
1483876
1483802
1483792
1483788
1483784
1483877
1483990
1483790
1483789
1483988
1483856
1483786
1483791
1483787
1483783
1483894
1483543
1483542
1483545
1483550
1448966
1483548
1483541
1483551
1483138
1448967
1483549
1483893
1483833
1483546
1483834
1448958
1483547
1483892
1483832
1483836
1448957
1483782
1483136
1483137
1483763
1483764
1483835
1483135
1476905
1484005
1483134
1484013
1484023
1484008
1484012
1484007
1484006
1484014
1483133
1484000
1483262
1483132
1483348
1483263
1483261
1483264
1476944
1483345
1476945
1483352
1483260
1483259
1483346
1483353
1483113
1483347
1483357
1476943
1483343
1483344
1483356
1483341
1483268
1483342
1483355
1483354
1483269
1483270
1483266
1483112
1483267
1483265
1484015
1484002
1484003
1484001
1748487
1483117
1483118
1483116
1484004
1483115
1748486
1483272
1483271
1483273
1483510
1484016
1483508
1483511
1483509
1483507
1483114
1483232
1483231
1748545
1483229
1483230
1751336
1748544
1748479
1748478
1477015
1748543
1748542
1748484
1748483
1748549
1748485
1751335
1748482
1748548
1748546
1748547
1484018
1484019
1484017
1484020
1484021
1484022
1533830
1533835
1533827
1533828
1533829
1476942
1476941
1533832
1748491
1484039
1533831
1748494
1748463
1748493
1748489
1748488
1748492
1748464
1533834
1533833
1484043
1484042
1484044
1748490
1593315
1748462
1484041
1484040
1476907
1476908
1476909
1476910
1530764
1748469
1476906
1593333
1748468
1477691
1484045
1484046
1748467
1593314
1477690
1748466
1477692
1748465
1593334
1578528
1305467
1305468
1578531
1578532
1746772
1578535
1578529
1578530
1578536
1714130
1578534
1578533
1714129
1746783
1746779
1746778
1751077
1714128
1486682
1714127
1713074
1308952
1486681
1578526
1713068
1308953
1714126
1748559
1713063
1746782
1746781
1713062
1746766
1578525
1746780
1713061
1714125
1746765
1530757
1578527
1748450
1599540
1599538
1533802
1599539
1748558
1748423
1746771
1533803
1599562
1751078
1751076
1751075
1748422
1746777
1746775
1599537
1599563
1746769
1746768
1599561
1746767
1746776
1746773
1599558
1748449
1483506
1748448
1751338
1713072
1714123
1599559
1526556
1599560
1713071
1713070
1713073
1526557
1713067
1713069
1713066
1713065
1713064
1713060
1751337
1713059
1714124
1305486
1305487
1305485
1715879
1305484
1748435
1715878
1483505
1748433
1748434
1746770
1530758
1530759
1530761
1530760
1530762
1484223
1484222
1484224
1715877
1530763
1713058
1713057
1714134
1713056
1829959
1714133
1714132
1829953
1714131
1829947
1829948
1829949
1132530
1829952
1829951
1132527
1132526
1829946
1132529
1132528
1574177
1713054
1484228
1829950
1637101
1829958
1829957
1484047
1574178
1484048
1484049
1748440
1574179
1829954
1484050
1467431
1748439
1829955
1829956
1484230
1484051
1637100
1484226
1484229
1573872
1637099
1484052
1484225
1637098
1484054
1713055
1748437
1573871
1637097
1484053
1637096
1484231
1637095
1713052
1713051
1484232
1713050
1713049
1647017
1713048
1647016
1748438
1468700
1647015
1532722
1468699
1532723
1532721
1532727
1532724
1817663
1817662
1804240
1532720
1484227
1532725
1532726
1484233
1748442
1748436
1484234
1804239
1748441
1774997
1484024
1748445
1817665
1748444
1748443
1817666
1483248
1647013
1647014
1483250
1483249
1774996
1484027
1484026
1484032
1774995
1484033
1817667
1774994
1774993
1484025
1484030
1484031
1774992
1751074
1484060
1484029
1817664
1748472
1484055
1484028
1748471
1484057
1462857
1484056
1599564
1462858
1599565
1484063
1484034
1484035
1598889
1484064
1484038
1598890
1484065
1484037
1484036
1532808
1532810
1532809
1598892
1483097
1484235
1483280
1598891
1483281
1483282
1774985
1748447
1599617
1599618
1774986
1483279
1483275
1774987
1483274
1599616
1774984
1483098
1599619
1483278
1483277
1599615
1748446
1599620
1599614
1774982
1774991
1774983
1774999
1774998
1598893
1487947
1487945
1598894
1598897
1598896
1598895
1487948
1912772
1487949
1912773
1714139
1530751
1530752
1530750
1476940
1829961
1829962
1751071
1532744
1532746
1532745
1532747
1829960
1912565
1912564
1748501
1912566
1751072
1533889
1533888
1533890
1748477
1748476
1487952
1483503
1748474
1530753
1748473
1530754
1748475
1714154
1748500
1530755
1748499
1530756
1748498
1714155
1748470
1483406
1483485
1748497
1536313
1483405
1483480
1483417
1483481
1536309
1536312
1536311
1483414
1714152
1536310
1714151
1395150
1395149
1395148
1751334
1395151
1395157
1395147
1395144
1395146
1395143
1106359
1804243
1395156
1804245
1361893
1714153
1106360
1804241
1804242
1106357
1395155
1395154
1912567
1912570
1395145
1395153
1395152
1912568
1912569
1106358
1713075
1395142
1714138
1483254
1748385
1912571
1483288
1533146
1533145
1109317
1533147
1483253
1483286
1483258
1483412
1109316
1533148
1483285
1483284
1483257
1483411
1530748
1748387
1593605
1483287
1530749
1109315
1483408
1483283
1483410
1483409
1912572
1593607
1593611
1593610
1593608
1593609
1748386
1593606
1486678
1804246
1804244
1534665
1534666
1483504
1483483
1534667
1483484
1483358
1714137
1483472
1483471
1483478
1483475
1483361
1483360
1483359
1483351
1483466
1483501
1483500
1483499
1483482
1483479
1483476
1483429
1483366
1483496
1483349
1714150
1483502
1483456
1483455
1598881
1483498
1483497
1483474
1483415
1483350
1483468
1748458
1483477
1483473
1483470
1483438
1483436
1483427
1483418
1483416
1483365
1483440
1483467
1483428
1483444
1483442
1483441
1483439
1483495
1483494
1483492
1483487
1483434
1483430
1305466
1448946
1483461
1483437
1483435
1483431
1483413
1483403
1483398
1483396
1483395
1468703
1483493
1483469
1483397
1483489
1483486
1483459
1483454
1483445
1483433
1483402
1483389
1829970
1483464
1483463
1483462
1483460
1483393
1483465
1483394
1483443
1483490
1483453
1483400
2146539
2146538
1483488
1483458
1483457
1483401
1748452
1483491
1483209
1305470
2146540
1468988
1748453
1483386
1483210
1483432
1483424
1483423
1483399
1468989
1305471
1483388
1829968
1483387
1829969
1483208
1483422
1483211
1483381
1483383
1483385
1533892
1483384
1483207
1483425
1483419
1468986
1449013
1483421
1449012
1483382
1449004
1533891
1468983
1468701
1468985
1483391
1468981
1483364
1449005
1483256
1468987
1530734
1468702
1483390
1468984
1483363
1530733
1449011
1829966
1829967
2146535
1483362
1490982
1483452
1483450
1483447
1483276
1468982
2146536
1305475
1449010
1490983
1483451
1107339
1829964
1361889
1305476
1483449
1483255
1829965
1713053
1748481
1107338
1107337
1305472
1449008
1483448
1483340
1361891
1468990
1305473
1449009
2146537
1361890
1483426
1449007
1483446
1748480
1483339
1483337
1395141
1483420
1449014
1449006
2146541
1486677
1361892
1395140
1484066
1483213
1483214
1483215
1107336
2146542
1483380
1107335
1107332
1483338
1107334
1107333
1107331
1748241
1483251
1274698
1106356
1483252
1533151
1274697
1748461
1533153
1533150
1915503
1533154
1915504
1533155
1533149
1533156
1092710
1533157
1533152
1533158
1748460
1467432
1483379
1468709
1748242
1533165
1915505
1483378
1748239
1531549
1533164
1531548
1467433
1533809
1533159
1274696
1533160
1483336
1483335
1533808
1533161
1092711
1305479
1533807
1305474
1483407
1305477
1533810
1533804
1305478
1533805
1533811
1533806
1909718
1909716
1909717
1530736
1483404
1476458
1476459
1476456
1476457
1909719
1486580
1483377
1092715
1107351
1092713
1107350
1092712
1092714
1352556
1915506
1476455
1483375
1352555
1530741
1746774
1530738
1530740
1530739
1530737
1770336
1483042
1352554
1483218
1483376
1530714
1915304
1109442
1770337
1713517
1713519
1713513
1483050
1713511
1713518
1713512
1109440
1228155
1713516
1713515
1915303
1109441
1532755
1532756
1483049
1639511
1713514
1483048
1639510
1770338
1483047
1829974
1483054
1109439
1743767
1483052
1909712
1483053
1829971
1599672
1714136
1743768
1492381
1492382
1909713
1829975
1483051
1909714
1829976
1909715
1915507
1599674
1829972
1483041
1915508
1599675
1599671
1483040
1305469
1829973
1599673
1675823
1675822
1448947
1483046
1536315
1533162
1448948
1536314
1490978
1483043
1490979
1829977
1228153
1483045
1228154
1228152
1352553
1228151
1399556
1483044
1490984
1486581
1399551
1486582
1305465
1305464
1109438
1448950
1483056
1476952
1908798
1486584
1486583
1448951
1483055
1483374
1486683
1486585
1476953
1914824
1486684
1476954
1117158
1117157
1352984
1352983
1363048
1590286
1533163
1748459
1483373
1363051
1746764
1363052
1109436
1399552
1363050
1363049
1352991
1399554
1399553
1483372
1352990
1117156
1486586
1117151
1117150
1352989
1117149
1117148
1534599
1578309
1578314
1534598
1578315
1578316
1720948
1588271
1305483
1578313
1578312
1578218
1578317
1588272
1746763
1720947
1588270
1599228
1590284
1578311
1578318
1746762
1578310
1590287
1352988
1352987
1352986
1909706
1532838
1532839
1448949
1599227
1748240
1399555
1532837
1578321
1578320
1636843
1109437
1599230
1578319
1590285
1636842
1483058
1476463
1352985
1909705
1599229
1716376
1283604
1283363
1533014
1716374
1483059
1599231
1533013
1305480
1533018
1483057
1305481
1305482
1578215
1283603
1117155
1746761
1533015
1117154
1533016
1117153
1578216
1109434
1117152
1483060
1283602
1117147
1483061
1444969
1117143
1117142
1636845
1716377
1675802
1483146
1716375
1636844
1908796
1908797
1829963
1908799
1599689
1908800
1118150
1483371
1419055
1675801
1118149
1533019
1715888
1578217
1117146
1578211
1117145
1352552
1352551
1477014
1748496
1578214
1352550
1483392
1748495
1352549
1914812
1352548
1909709
1675800
1109433
1104411
1711766
1117144
1914818
1533038
1711764
1588269
1305463
1109435
1909708
1419056
1419057
1675799
1578213
1675798
1914819
1909707
1533039
1132753
1909710
1132752
1909711
1409752
1477013
1711765
1588268
1409751
1578221
1283610
1283611
1714135
1713981
1409750
1599698
1599695
1599699
1578209
1713979
1599697
1599696
1578210
1305462
1599700
1283608
1104410
1283607
1578223
1444968
1486685
1283606
1914823
1305461
1486686
1534165
1444967
1444963
1283609
1283605
1534159
1444965
1444964
1578212
1914813
1530730
1914814
1713983
1912554
1530735
1530731
1361692
1530728
1444966
1118147
1492659
1530729
1770339
1713982
1305460
1492660
1395173
1715898
1305459
1492658
1715897
1118141
1540658
1743018
1540661
1540659
1492657
1540660
1361693
1713980
1593440
1419054
1395172
1530732
1283612
1540662
1395171
1540665
1743017
1912558
1395170
1743014
1912557
1912559
1490980
1483164
1743016
1490981
1746807
1914815
1605231
1484238
1746806
1605230
1483162
1593441
1483160
1483159
1711763
1483161
1530765
1746808
1484236
1530766
1743015
1507798
1914817
1534163
1475151
1507797
1534164
1713977
1483147
1914816
1713978
1713974
1713976
1713975
1033252
1483578
1534166
1033251
1475167
1715421
1118146
1348182
1395169
1033250
1118145
1483370
1604477
1104409
1118143
1475168
1104403
1104408
1475166
1909720
1746805
1104407
1483577
1909721
1104405
1118144
1604476
1720943
1483163
1715809
1909722
1104404
1599279
1348181
1348180
1746804
1398223
1914301
1398222
1468704
1675796
1534162
1599285
1914646
1675797
1599281
1476911
1914648
1477183
1914647
1477184
1552458
1599280
1348179
1552459
1305458
1599283
1575031
1715337
1477185
1534161
1475171
1475170
1748457
1748456
1748455
1534160
1575037
1599688
1748454
1477182
1109397
1109400
1477180
1599687
1477181
1670822
1533971
1715328
1534151
1914820
1599284
1533972
1746803
1533973
1118148
1487946
1599282
1670820
1118142
1109399
1109398
1746802
1107346
1536243
1536244
1914290
1484237
1599693
1117160
1107343
1914291
1353036
1117159
1599690
1305457
1533047
1599691
1117162
1491898
1491897
1536247
1348176
1491899
1117161
1348175
1348174
1348178
1483369
1348177
1536245
1536246
1599692
1534152
1483845
1636840
1636849
1877789
1636839
1670816
1540664
1877791
1877790
1720946
1720949
1540666
1636848
1636847
1914292
1715410
1477186
1715409
1530768
1670821
1477187
1914296
1636846
1715808
1530767
1599233
1636837
1530769
1914295
1530922
1636836
1540663
1670819
1395164
1530770
1670817
1670818
1395166
1715408
1395168
1599232
1395163
1715823
1395167
1395161
1395165
1530771
1715822
1395162
1395160
1670815
1715821
1715804
1914294
1912556
1715805
1599694
1715807
1715806
1575043
1636835
1575045
1395158
1395159
1575044
1106363
1636834
1033268
1033267
1636833
1348173
1348172
1530923
1670814
1813416
1106844
1604478
1106362
1670813
1552457
1467742
1269880
1718620
1530924
1475095
1604479
1670812
1670811
1604480
1718619
1106361
1552456
1718618
1475094
1552455
1116848
1532970
1792312
1603997
1294868
1798150
1792317
1483149
1798151
1483368
1294866
1080077
1792311
1294867
824720
1080078
1110037
1713020
1532969
1106351
1575104
1117138
824718
1106350
