2146909
1024424
1011030
1830931
1830930
1830929
1830922
1830928
1830935
1025251
1830934
1830933
1830923
1830932
1830921
2007946
1830920
1830919
2007945
1830918
1011029
1983192
1830917
2007949
2007948
1830985
2007947
1813778
1813777
1813776
1025250
1830998
2007384
1830997
2007383
2051530
2051528
2007382
2051529
2051527
2007374
2007379
2007378
2007373
1830994
1830993
2007377
1830999
2007381
2007380
2007376
1813775
1813774
1813773
1830996
1813772
1830995
2007375
1939492
1831001
1942983
1942982
1831000
1942981
1942980
1942979
1011028
1942984
2037042
2037045
2037044
2007959
1830978
1807783
1807781
2149908
920277
1830977
1830976
1830975
1011026
1830974
920278
1807782
1807780
1828234
1011027
1828236
2149907
1828233
1828231
1952171
1807779
1828232
1828235
1830983
920279
1830982
2149910
1823086
2149906
1823085
1986720
2037050
1986719
2051328
2051327
1952170
2037043
2037049
1986718
1830970
1952169
2037048
2051533
1830969
2007958
2051532
2037047
2147789
1986717
1986715
922029
1986716
1986714
1986711
1986713
1986712
2149909
1984875
587667
2037051
1807828
718657
2037046
1830973
1830972
718658
1830971
1024423
2007963
2036972
2007957
2036971
1942978
2036969
587666
1828718
2036968
2036967
2036970
2157099
696416
1828717
2157098
2037057
2037055
1005093
2037054
2037053
918639
699151
733067
1941594
1941593
1951691
918640
2037056
1951707
2045244
718043
1951690
1951688
2045243
2051531
919966
1951689
718044
2051347
1005091
733065
1005092
2037052
733066
1807807
1013636
1951706
919965
1980001
2036966
2036965
2007975
1828926
2157096
1828925
1951705
2157097
2157095
2007974
1828924
1807808
1951704
2157094
2037816
2157093
2149911
2007971
1980894
918638
920276
1980893
1807795
1803851
2051537
1831006
1803850
1816106
1951703
1227983
1951702
1951701
1816109
2007973
1828767
1024619
2157092
1955067
2007972
2008180
2008464
1828768
1980000
1979997
2007970
1828921
1816108
2008463
1979999
1979996
1828766
1816107
2053604
765167
1828756
2008461
1828923
1828922
1939426
1979998
1816686
1828871
1816685
1816684
1955066
2037448
1955077
579043
2037447
1955072
1955065
920538
1925338
2037446
2157104
1942828
1025236
1979995
1925337
1816303
1942827
1939493
1955076
1942826
1955075
1955062
2157103
2008462
1011020
1955074
1955061
585309
1955073
1003778
1830866
2157445
1955071
781632
733075
1955070
2157102
2157444
920617
920539
1829107
1828982
1942977
1830865
1011019
920618
1943818
1829106
1011021
1829105
2008399
1829108
1025235
1828913
2008400
2008398
2157441
2007977
2007976
1829110
733076
2008397
1829109
2008179
2008178
2037445
2157195
1807368
2157440
2008396
2008395
1005982
1942824
2037444
2037443
2037442
1828979
1999281
1828829
1942170
1828598
1828597
1828978
1828828
2037441
1999280
1942833
1942554
2157443
2157436
1828975
1807367
1828976
1951822
2157439
1807366
1828543
1828916
1939425
1939424
1828542
1828915
1942830
1939423
1939422
1828914
1934897
2157438
1942829
2157399
1807769
1828541
1807765
1828985
1828960
2157409
1831038
1829176
1828230
1828981
1807768
1828229
1828980
1828959
1908106
1831037
1828977
1828958
1807767
2037440
1828880
1807774
1807772
1831036
1828879
1807773
1807766
1999283
1807771
1807770
1930811
1999282
1942832
1118963
1828773
1828878
2157437
1828870
1830049
1942831
1828869
1828868
1807799
2157197
1828867
2157419
921814
1943817
1820449
2157463
905677
2157101
1828910
1828866
2157196
1831034
1388767
1807378
2157250
2008458
1001038
2157461
1828596
2007962
1828813
1942171
2157249
1828902
1807377
1942823
2008457
2006285
2157418
2007961
2157433
2157248
2157247
1828903
1828901
2007960
1013714
1828900
2157417
2006284
2157435
2157432
2157100
1981498
1807800
1004226
1807797
1828898
1943820
2157434
1807819
1807798
1807787
1828899
1828852
1816117
2157442
1831033
1807817
1807796
1816683
1942822
1807818
1807786
1828897
1816118
1816116
1816112
1942212
1816115
1816111
1816110
1943819
1942821
579034
1956321
1946831
1831035
1828775
811973
1828774
1828851
2036937
1010946
1828842
2038331
1986664
1946830
1831043
2157251
2157462
1980969
1981492
1807785
2008460
1831044
1956320
1980968
2037369
1956297
1980972
1807784
1831032
1807823
1807822
1829313
2007210
1807821
2037368
2055996
1980971
1825901
1829574
811972
1985488
699117
730806
1831031
2152566
1829573
2157134
1024901
1829314
1829311
1986662
1828845
1824342
745021
1829310
1829309
2157411
2154631
2152565
695873
2055995
1985482
1807794
1828844
1829312
1024902
2008453
1828843
1830089
2037144
1985485
1986663
1980970
2154630
1820812
1820811
1985487
1985486
1985480
1985477
1830048
2152564
2157410
1824341
1820810
1985484
1985481
1985476
1828858
2008459
1010947
1828857
1828856
1807816
1985483
1010949
1986661
2037143
1829006
1807815
1828855
2008456
2157394
1945804
1807805
1828853
1807804
1828854
1829005
2157246
1807806
1807803
1807802
1941479
1985479
1780209
1780208
1828820
1807801
741728
1807814
1941478
1828819
1780207
2157244
1945803
2037146
2150320
2150318
2008455
1807778
2150319
1985478
1941477
1946664
2008454
1985475
1807777
2037436
727533
1807811
1807810
1829336
1829335
2150321
1830152
2051539
2149865
2149864
2149863
1943423
2155339
1828832
1828815
1807809
1828831
1828830
1908115
2008452
1828816
1807813
2051538
1807812
1807776
2152548
1829334
1908114
1807775
1021898
2149862
696297
1828984
1828961
1828863
1942213
2013733
2157245
2150317
1908113
1828950
1828814
2157184
1829174
1021899
1824346
1828983
1828963
1828949
1828892
1829308
1829178
2059900
1807376
2007980
1829177
1828538
1021950
2037960
2059899
1941484
1941483
1941475
1816114
2007979
1828536
1954966
1831030
1941482
1394821
1829173
1829170
1983747
2157240
2157239
1942825
1828947
2051536
2051535
2013729
1984065
1828841
1828755
2051534
2037959
1943425
1828933
2007080
741726
1954965
1021805
1829214
1828946
1828847
1816113
1779409
1816263
1828945
1940344
1940343
2053603
2007082
1779408
1828540
1828944
1828846
1828839
2037383
1816262
1943424
1824345
1807756
1828539
2155338
1779407
1829003
1828754
1828934
1828838
1385508
1829213
869429
1828948
1828840
2007500
1828537
2007079
1941481
1807372
2155337
2157423
1807371
741727
1941480
2007081
1807373
1829172
1829169
1940345
1940342
1829171
1394822
2158702
2157431
1830254
1807827
869312
1941476
1984064
1828943
2158701
2007562
2007561
2157430
1385185
1021806
1828942
1828881
1807370
2007560
1807826
1807825
1807369
1807824
1831042
2152524
2007559
2157429
2157422
1943422
1999279
1021807
1951700
1829212
2051341
2157392
718627
1831041
1954967
1824037
1999278
1829002
1828938
1411979
2051340
2152523
2157393
1999277
1985473
1831040
1943421
2013732
1955084
1828937
1981792
1999276
1816304
1824036
2038977
1828936
1828935
2013726
710876
1955082
2003993
2157460
1829153
2037373
2013731
2013730
2013728
1955083
695874
1816261
1661963
1955081
1955080
2157459
2157428
1828158
708383
2037128
1830253
2037141
2051345
2051343
2051339
692421
2154954
2003992
2037127
1661962
2051346
2051342
1934905
2037140
1816260
1829216
1828932
1949177
1829307
2037372
2037126
2051344
2154952
2013727
2037371
1829215
2066526
848668
2154953
1830252
1949176
1949175
915514
710877
1934904
2152522
1816349
1956796
1829510
710878
1956795
2051541
733022
718656
2157458
2157391
1830870
1956794
1829157
2157454
1828792
1829156
1828791
1980562
1934909
733023
2146736
1824600
1829168
1807456
1828753
1830092
1807455
1941846
1818300
1828752
1828750
2039572
1956793
1001036
1824599
1824598
1818531
1828751
1941845
1941844
870678
2157390
1818299
2007984
1828749
1956792
1816721
733024
1943427
2157389
2157453
1824386
1979994
1940337
2157464
733025
1981802
870679
733064
884349
1001037
1828836
869181
1981500
2059504
1943426
1830094
1829167
1829014
2051540
1816710
1816348
1956791
579042
1816679
1981499
1984063
1984062
1979993
1829166
870680
1816720
1816718
2158700
2059665
2007211
1984061
1942604
2157499
1981489
2037142
1830093
1822481
848669
1984059
2013683
2138805
2037098
1830091
1829013
904512
1021896
1984058
1830090
1828790
1981502
1949174
1831039
2007982
1984060
1828761
2037382
1981504
2149904
1816231
1816719
1816717
1828862
1828861
2007499
1829012
1829338
869315
869314
2059503
1828849
2149902
1824344
1941485
1949173
1807735
1829175
1828850
1828848
1828078
1934908
1807463
908296
1981501
1829377
1950458
1829128
1385497
2008451
2008450
1981490
2007981
1949172
1829001
2037605
1829376
1940341
1829127
1829122
1829120
1913658
1934907
2157452
1807462
2152563
2008449
1981491
1940336
2007497
1828860
1934906
1828666
1816734
1940338
1829380
1829378
2037604
1828859
2152562
2007498
733063
2157427
1913657
1981503
1941598
1941597
1829379
1829155
1989971
1987335
2157467
1816678
2008748
2059502
1829154
1828760
1913656
2013682
765888
1816733
1828664
1941596
2157425
1829375
1829381
1818298
2007983
579040
547399
1816728
2157466
1829511
2008747
1941843
1828665
1949171
1829193
1829129
1822482
1803961
1816726
2157426
1023896
1829374
1828663
1807460
1829126
1610483
2146072
2037364
919950
2059505
2009109
923524
2045166
1828759
2056003
2003994
2157424
1610481
1610480
1987350
1023897
2037351
2154951
2154572
2146735
1807461
888652
1816264
1989970
1939235
1610479
2009108
2009106
1394876
2149903
2157165
2158703
2154950
1987349
888653
1610478
1807820
765890
730805
1385498
1807459
2059664
2009107
1984979
2154949
2146734
1829125
1807458
1987348
547400
1829341
1943350
2007078
1807736
1940340
2146071
1610485
2059663
1829509
1829507
1803960
1829158
1802443
1830151
2147828
1816732
1987338
2059662
1802442
1829506
1385160
2007077
1830869
1984976
1829151
1830149
1829505
699113
1829123
1816230
1828909
920275
2008749
1816731
1010945
579041
1821331
1821330
1829124
2152608
1830150
1828798
1943351
1816730
1828908
1984975
1829121
2154957
547711
1829353
1939234
1828532
1828912
1828600
1828599
1816729
1610482
2053276
1984974
1828907
1828865
1949105
2152607
2148798
1828906
1816724
2006466
2015888
2037962
1828864
1829357
1816723
2037343
2006468
2006465
1940339
2154956
1828911
1949104
2037961
1979992
2006467
1816310
922876
1939233
1807457
2006464
1828940
1818532
1816402
1949103
2059661
1828905
1816309
1829355
1828941
1828939
1828904
1816347
765889
1829504
1829579
1829150
1812204
1828974
1816752
1828971
1829359
2006294
2037435
2037434
1828877
1828973
1828970
1812205
1816751
1987345
1829149
1951693
1017532
2006293
2006292
1816346
1828876
2157494
1816401
1828972
1828969
1807375
1827342
1816749
2006291
1829007
1821329
1829358
1829356
2037432
1951692
1807374
1816400
906162
2015887
920274
1807365
1829366
575904
2015886
2045164
579039
1829008
1828875
1948453
741685
2006290
2037433
2037431
1829010
1802432
1828874
1826738
1829365
1829354
1829009
2037731
2045163
1828765
1939828
1939827
1829364
1829373
1816750
2006296
1829841
1828873
2037430
1816619
1816727
1829372
1939826
2157198
2007086
1828452
2045162
575906
914277
1816618
1829371
1829348
1829347
1816403
692422
1826737
2037730
1828764
2007085
1828930
1828929
1829370
1956805
1816229
1828451
1939236
922875
1828763
1816748
1023531
1987207
2059634
1827370
1956803
1816228
1816742
1829578
2008490
1951937
1829577
1829346
1956804
1956800
1816747
1816746
1816741
1829352
2008489
1829148
1941595
1829576
1829345
1610477
1829351
1985548
2015889
1828872
1956802
1956799
1025314
2008488
2031486
1017531
2157408
2157457
2157456
1998777
1951936
733018
1996767
1827345
1939214
1956801
870677
2157455
1829224
2007084
2157498
1998779
2006056
1827344
1816345
2146073
1951938
1951935
1828967
1829223
1998778
1998775
1828964
1829508
1807919
1807918
1829350
1983456
1411976
1827343
1951934
1951933
1955064
1955063
923525
2037967
2157407
2007496
1829349
1956827
812028
1829232
1829231
1828966
2007495
2007083
2157406
1828965
2007494
1956826
2013735
1829143
2006295
869032
575905
727367
2139048
1828770
1829147
1830521
1829221
1987211
1829146
1949098
2034651
2143815
1829220
1956798
1984978
1829222
1829219
2157158
2034650
1582448
1955069
1828077
1987210
1956797
1984977
1829218
1807576
1807917
1827369
1017530
1998776
1829230
1829217
1803853
908290
1987209
1807916
1828762
1385473
2008494
2037367
1829229
2064406
733020
2018014
2037366
904513
1991024
1829489
1816204
1816198
1956816
1822813
1816202
1939496
869355
1939218
1822812
2090498
1939495
2154633
1939830
1807575
2037365
1818609
1822811
1829190
2090497
1816197
1828789
904514
1816753
1807574
1822810
1939829
1661961
2152529
2143679
1955068
1823342
2055983
1816745
1582452
1983722
1012553
1661960
1942160
2152528
1822808
2008838
2037610
1831319
1981508
1822809
1991023
1582451
2090496
2037607
1816195
2055982
1939494
1816196
1816194
1816193
1939219
2037613
2037609
2037606
1991022
1829245
1942159
1830836
1828962
1828788
1829492
2037612
2037608
1942158
1816192
1816191
2157495
1816744
2159026
1991021
1813475
2037615
2010001
1816201
1816190
2158714
2037611
2048966
1023108
1829493
1828797
1830837
2010002
2157493
1816743
2147829
1807535
1985622
1024223
1816203
1816200
646718
1828796
2158710
2158709
1385472
1023129
1829491
1829490
1830520
1816199
2152606
1956786
2039580
1813474
1826757
2064413
1813473
1807573
2009192
2149905
1956785
1816214
1612054
1828223
2042395
2154632
1828826
2064412
2064410
1802441
2009194
2009193
2009191
1956784
1826756
2039578
1829016
1828827
1828825
1807571
2152527
1802440
1816206
2037818
1829587
1612051
1009292
2013734
1828823
1828822
1816740
1816205
1813472
2042394
2055981
1547778
2009190
1829586
2143799
2143798
2039577
2039576
1828824
1802439
1828919
1829015
1816212
1547768
1829585
1010840
2157405
1826755
1547637
1956783
2037732
1983844
1949170
2009189
646719
2039575
2039574
1547636
1547635
1829244
1547634
2064411
1828951
1828817
1830573
1826766
2037614
1828920
1816315
1830078
2147834
1661959
1661958
1830077
1828221
1828968
1828818
1816316
1816314
1576248
2157404
1547777
1830960
1830958
1987212
1956245
1661957
1612050
1983843
1547776
1807572
1949169
1828918
1828917
922873
1828837
2053010
1830957
1824935
2008493
709989
1612053
1547767
1547752
1987334
1816313
1576247
1991020
2007986
1023109
1830959
1612052
1828821
1816234
1547748
1547708
2006473
2149925
2007987
1547733
1816312
2009188
1547766
1547747
1547709
1956244
1942162
1816317
764376
2148827
2008492
1661956
1547765
1547764
1981013
1980897
1547763
1547759
1547732
1547730
1816227
1981803
1021802
1547758
1547723
1830980
2018409
1547731
1547729
1547722
1547721
922872
1981012
869310
1942161
1829188
1816235
764377
2157157
1547751
1547646
1610484
2157403
1829205
1816311
1816226
1547750
1547649
2037338
2147832
1829399
1829398
1829187
1816216
1828835
1547754
1816367
1547753
1547749
1547719
1830979
1830832
1816220
1816215
1829397
1990087
1547718
1547716
2157402
1939747
2159025
1816318
869311
1392542
1829204
2007985
1830956
1946662
1829396
2053012
1829321
1828422
1547762
1547760
1547717
1983842
696296
1547761
1816218
1816233
1939746
1939745
2157400
1828421
1547772
1547746
1547715
1504276
2138782
2138781
2053011
2008491
2018411
1829182
1547771
1547770
1547647
1504272
1826768
1828420
922874
2006478
1939217
1547648
1830572
1829362
2018410
1987344
1987343
1829189
1829186
1829184
1829181
2157401
1829145
1946663
1547720
1547712
1504275
2045161
2045159
1829361
1816344
1829185
1829183
2152526
1547757
1547713
1504274
1504273
1946661
1826767
2090516
1504271
1504270
1816219
1816217
1987342
1987337
1385222
1547756
2139022
1987472
2013739
1981014
1830568
2152525
1829488
1547734
1829840
1830981
1830571
1816343
1547728
1983841
1383443
1828772
1807570
1816256
1547702
2056857
2090515
2090514
1991029
1987341
1987336
1828771
1985627
1547727
1547701
1816257
1829180
739633
1547755
765891
1949101
1829247
764378
1991028
1829119
1829118
2139021
1829179
1547745
1985625
1547611
1828988
1829117
1816342
2045160
2147831
1991027
2139020
2034656
1830833
1955093
1949102
1949100
1829519
2138780
1828884
1828769
2153590
1547738
1547707
2147830
1955092
1949099
1547705
1547610
2045158
2149868
2149924
2034655
2006477
1828883
1547743
1547726
1547724
1547704
1504269
2052446
2018413
2009186
1547737
1547725
1547706
1547653
1955091
1955090
1985624
1828882
1569317
869309
2013738
2006472
1828222
2055994
1547736
1547652
2010000
1547651
1547650
2034654
1981010
2006476
1829246
1547735
1547655
1983484
1828834
2009185
2011775
1826761
