980712
980713
998423
998424
998425
1107345
998426
998427
1106537
1107347
1109316
1107348
1109317
1107349
1233364
1109315
1233357
1233359
1233360
1233363
1233361
1233362
1233358
998428
1233319
1112781
1233293
1112780
1112783
1107331
1107332
1112782
1107336
1233292
1233343
1107334
1107333
1107335
1233344
1233342
1233341
1233356
1233355
1233353
1107337
1233354
1107338
1107339
1233346
1233345
1233352
1233350
1233351
1233348
1233349
1233347
1233252
1233266
1233263
1233264
1233251
1912773
1233265
1233320
1233250
1912772
1233336
1233335
1911021
1233328
1233334
1233329
1233333
1233332
1233331
1233291
1233330
1233327
1233326
1233324
1065861
1065862
1233325
1065863
1065864
1233322
1107343
1233321
1233323
1107346
983197
1065860
983191
983192
983196
983193
1233268
1233269
1233272
1233245
1233267
1033242
1033240
1233242
1233247
998422
1033241
1233244
1233246
1233243
1033243
1033239
998420
1233241
1604476
998421
1604477
1233248
1233302
980991
1038077
1038078
980786
1233255
1233254
1233301
1038079
980992
980993
1233300
1233299
980788
980787
1342378
1104410
1110463
1233340
1110464
1233311
1233271
1233270
1233261
1233253
1233298
980795
980796
1104645
1233262
1110462
1233260
1110461
1233313
1957694
1233312
1233310
1233308
1233307
1104411
1957693
1233249
1233306
1233309
1233259
1104646
1233295
1233296
1112739
983195
1233297
1233294
1233303
1112740
1112738
1957692
1233305
1233304
1233317
980798
1112741
1112743
1233316
1112744
980797
1112742
1233315
1233318
1233314
1233337
1630230
1233274
1112745
1604483
1630229
980784
980785
1229232
1233273
1118141
1229233
1118147
1957691
980801
996725
996726
1104626
1104627
1104635
1957688
1104628
1957697
1104634
996724
1038081
1038076
996723
1118149
1037830
1104632
1118150
1104633
1037831
1112574
1037828
1112576
1037829
1112575
1104629
980789
980791
1104630
980792
1104631
1604482
980794
980793
1961609
1961608
1915508
1915507
1104403
1957690
980790
1770339
1104404
1104405
1104407
1104408
1233234
1604481
1104409
1106357
1106359
1106358
1106360
1321808
1321810
1321807
1957689
980799
1321806
980987
980800
1321809
1080019
1321814
1957696
1080020
1321812
980985
1321813
1604480
980986
1604479
1604478
980984
1233237
1107351
1233239
1233240
1107350
1957695
1233238
980988
1233236
1233235
1915506
1233257
1321811
980816
980866
1233233
980868
980867
1233232
1233258
1233256
980865
1233231
1321801
1915504
980864
1233230
1915503
980809
980811
980810
1599565
1599564
1915304
1915303
980817
980863
1957921
1915505
983194
1957920
1957919
1957923
1957922
1033267
980813
1033268
980814
980812
1233290
1118144
1233289
1233288
1132779
1829962
1118143
1233286
1118145
1132778
1233287
1106356
1829977
1132777
1961604
980869
1233285
980870
1961607
1961606
1233338
1321803
1317808
1317806
1118146
1961605
1321802
1317807
1110494
1233339
980815
1317809
1321805
1321804
1115831
1033252
1321897
980871
1233283
1033250
1033251
1233284
1829976
1829975
1829973
1118153
1910993
1233282
1118152
1233280
1233281
1829972
1637098
1118151
1933615
1637095
1080024
1637099
1637096
1933235
1321896
1637100
1933617
1914833
1637097
1112562
1914832
1321894
1348169
1112563
1933616
1348171
1348170
1321900
1080021
1961603
1321895
1112565
1744085
1080022
1233279
1921187
1233278
1348165
1921182
1914831
1321893
1744084
1112564
1112560
1321898
1637101
1829974
1112561
1914837
1348166
1080023
1829971
1348167
1109442
1321899
1233277
1933614
1116715
1914830
1914825
1348168
1933613
1233276
1109440
1233275
1228154
1914826
1599558
1914829
1228151
1109439
1228152
1106338
1914828
1914827
1228153
1116685
1342382
1348172
1320365
1109441
1605231
1348173
1342381
1080030
1320364
1630861
1116720
1630862
1106363
1630863
1605230
1630864
1729864
1908781
1908782
1080031
1910051
1342380
1116716
1908780
1228206
1104887
1116717
1933197
1342386
1342379
1932136
983184
1104888
1080025
1932135
1395159
1080026
1080027
1038080
983189
983186
983185
1744087
1116714
1933196
1744086
1342383
983187
1111466
1933195
1106361
1342384
983188
1342385
1106362
1353033
1909811
1352948
1353032
1104886
1914836
1395162
1914835
1909814
1348179
1111465
980480
1630865
1395166
1395160
1914834
1630866
1104885
980482
1910053
1908777
1395168
1395165
1908776
998417
1909813
1395167
1395161
980481
1909812
1395158
1599559
1104889
1037836
1106342
1599560
1037835
1630872
1106343
1911185
1395172
1348180
1829961
1117156
1911184
1037833
1348181
1352946
1911183
1122622
1630870
1829960
1352947
1348175
1395164
1630871
1770338
1908787
1348176
1104647
1122621
1104648
1106344
1122620
998416
1348174
1908779
1908786
1037834
1908778
1908785
1348177
1630868
978459
1908775
1395173
1348178
1630867
1395163
968306
1348182
1630457
1908784
1908783
1352109
1352106
1630869
1352107
1112566
1352110
1228155
1117157
1630458
1770337
1117158
1352926
1112754
1352927
1112567
1110037
1352928
1915293
980779
1909810
1915310
1112755
1770336
1080029
1109438
1599537
1104636
1037837
2146538
2146540
1080028
2146539
1112758
1112759
1630452
1630453
1856637
1112760
1915309
1361893
1112756
1118142
1112761
1112757
1116692
1118148
1116691
1650981
1915292
2146542
2146541
980995
1961528
1122618
1921188
980994
980996
1122619
1921186
978460
1599540
1599538
1122617
1352550
1395171
1921183
983183
1037226
1109377
1352552
1352551
1352944
1122665
1037227
1109378
1599539
1352945
1112762
1352549
1915291
1395170
1921185
980782
1122662
1116681
1921184
1116682
1122663
1352548
1112746
1909806
1909809
1352920
1909808
1630449
1361892
1909807
1909805
1352930
1352931
1352918
1107354
1037225
1915290
1122661
1352919
1352559
981282
981278
2146537
1352560
1352614
1122660
998414
985899
1352615
981280
1122644
1911009
1915289
1352590
1352949
998415
981277
1122643
980507
1915288
1915287
1317811
961438
1361890
1606082
1361889
1361891
1122646
981281
1122647
1856636
1122664
1122659
1909804
1915286
1352561
961439
1317814
1599563
1352592
2146536
1352584
1599561
1352580
1122645
2146535
1037233
1106336
1606084
1352581
1037234
1606083
1352583
1352582
1352983
1533809
1109435
961437
1233217
1533808
1533806
1352984
1352104
1352929
1352950
1533807
1533805
1352591
1122642
1080097
1352108
1352932
1107353
1353008
1533804
1352589
1080099
1080098
1352953
1080100
1353017
1233216
1107352
1352105
1533811
1109376
1352954
1352951
1353020
1352598
1352586
1352952
981878
981283
1353004
1106335
978458
1107355
1352593
1109221
1933005
1533810
1117152
1233211
1117143
1107356
981279
1352934
1117153
979343
1353002
977892
1352595
961997
1112652
1914744
1909719
961440
1117154
1109219
1352597
1109382
977893
1352935
1117155
1109220
1117142
1352596
1599562
1352998
961485
1352999
979340
1352594
996721
1106556
1353010
980638
961486
961412
996722
1110496
947494
1352603
1353012
1342959
1109379
1352610
1352604
1110495
1352992
961411
1352096
1352095
979341
961410
1037838
1352097
1353027
1353011
1353000
1352613
1109381
1352609
1353028
978461
1353001
1110497
961409
961408
1106757
1116683
979342
1353013
980639
1352994
1352611
1352916
1116684
1352995
1909717
1352612
1909716
1106555
1352996
1352993
1352655
1909718
1353005
947495
1352997
982691
1911011
1353016
1352656
1109380
1352933
1037839
1604277
1604276
1106758
1106756
1353029
1353006
1911008
1604279
1604278
1552459
1352617
1353031
1829963
1352570
1552458
1395169
947660
1352648
1353030
1604275
1352649
1352616
1353009
1352605
1352599
1353007
1352600
1352606
1352668
1352646
1352645
1911010
1909036
1353019
1352669
1352647
1352657
947496
985897
1353025
1353014
1352658
1353018
1112764
1109434
1353015
1352659
1352653
1352673
1352601
947664
947663
947659
1352602
1352623
1352622
1352671
1352654
1352672
1352608
1399243
1352585
1353026
1630859
1352650
1317810
1352557
1353024
1352670
1352558
980919
947661
939830
1604274
1353034
1352633
1352644
1352662
1109223
1353021
1342960
1908798
1224560
1353035
1352641
1714123
1109224
1352674
1352660
1342961
981879
1352642
1106352
1910050
1352675
1352631
1106354
1914819
1352661
1352643
1080086
1630858
1352632
1106355
939831
1080087
1921181
1352618
1233210
1106353
1106348
1109437
1352907
1352554
939829
1352634
1106349
1106339
1033249
1340897
980664
1106341
1106340
1352553
947662
1352101
1352639
1352637
980665
1914818
998411
1352638
1352102
1352100
961999
998412
1116847
1630857
985898
1352636
998413
1352635
962000
1352663
1914812
1352667
1109433
1713056
1744083
1340898
1342962
961998
1106337
980728
1340896
1116846
1630860
1106350
1352619
1106351
1352103
1352664
1352624
1322774
1744081
962002
1352888
1352620
1552455
1744082
1352098
980729
1037389
1352621
1352555
1352665
1552457
1106346
962001
1115936
1713057
1352914
1552456
1352607
1352924
1352886
1352099
1106347
1915285
1352889
1352666
1352640
1713058
962003
1037860
1106345
1109222
980960
1933004
1352651
980962
1353003
1630856
1352922
1112765
1856626
1352887
1674402
1630455
1352923
1352652
1037861
1116719
1352556
1630456
1112766
1037862
1352627
1115934
1591348
1117134
1317822
1115935
1317823
1117135
1856631
1856629
1037390
1340895
982692
1674408
1454870
1813419
1813417
980964
980963
1856630
1317824
1352938
1856628
1106843
1813418
982693
1674401
980965
1352936
1813420
1352915
980731
1352676
1115932
982694
1352937
980966
1109436
1856632
1591347
1115933
980666
1106755
1117133
1352911
1352630
1352629
1117131
1117137
1274016
1352628
980667
1352925
1117132
1038082
980961
1630855
1714124
1674411
1911006
1117139
1117136
1340894
1317828
1352921
1038085
1274017
1829970
1106838
1117138
1911007
1352917
1117140
1274015
1713055
1274014
982677
1856627
1037388
1933001
982679
1110498
1352906
982678
1037386
1911005
1037387
1038083
1352940
1914822
982680
1352625
1110500
982676
1914821
1352626
1106837
1352891
1352902
1038084
1829967
947753
947750
1352892
1037385
1352904
1352903
1091134
1829966
1829965
1352905
982675
1829964
1110499
1605369
1037859
1829969
1037228
947752
1042494
1829968
1352955
1352893
1037229
947754
1399373
978925
1674410
1630454
947751
1399374
1744080
1817667
1352894
1399378
1674404
1110489
1744078
978923
1817664
1630451
978924
1744079
1117411
981880
1117412
962033
1317827
1037232
1037230
982708
1112653
1037231
1674400
1720973
1630450
1605367
1317825
980730
1352677
969802
982673
1112656
1457865
1720977
1720972
1674407
1817666
1352679
1352678
1112657
982674
1457866
1910052
982710
1674409
1817665
1352680
1352897
1317826
1112654
961361
1856625
982711
1352895
1720974
1112655
947749
982712
961362
1457863
1932134
1960787
1457864
1352900
1720976
1118136
1744077
982714
961359
1352562
1720975
1110493
1118137
1352898
1744075
947747
1714125
1352896
961360
1744076
1352899
1118135
1352564
1914666
1817663
1817662
1804239
1324964
1342965
1914665
1960786
1352565
1324965
947746
947748
1342963
1714126
1960785
1605368
969803
1342964
1714127
980818
1352912
1352563
1352901
1804240
1112763
1714128
1302215
969804
1302217
1302216
1352913
1037858
1399238
969315
1118140
1530734
1117148
1352566
1117149
1352587
1352939
1530733
969314
1117150
1352908
1117151
980781
1352909
1319454
1714129
982713
1714130
1829949
1911004
1352910
1859449
1107099
1080036
979568
1829951
1091131
1399239
1106844
1454871
1322775
1399240
1399241
1829959
1829948
980668
1454872
1713074
1829953
1829952
977911
1342966
1352890
1091130
1829947
1715408
1911002
1454873
1910003
1322777
980669
1353022
1319453
1910004
1120709
1322778
1353023
1080109
1322776
979569
1080088
1720978
1080038
979566
1317830
1104839
1317829
1715409
1080039
1080037
1104840
1715410
1399242
979567
1104837
979224
1080035
1909516
980783
979223
1553300
981010
1329443
1080042
1553299
980089
1329444
1908790
1593333
1104838
1908789
1553297
1909506
1553298
1553296
1674390
1674391
1859443
1829958
1829957
1829956
1674392
1112750
971232
1829955
1674393
969642
1112748
1859448
971233
1593334
1112747
1829954
1112749
977560
971234
1080089
969643
1352588
980808
1080091
1080090
1271732
1329442
1352568
979359
1713070
1352567
1829946
971236
1329437
1122631
1352569
1329441
1122633
1329439
1395141
1909796
1859442
1329438
1713072
971235
1909722
1122632
980091
1080102
1116729
980092
1317800
1506012
1122630
1909721
1674432
1037863
1713067
1713059
1909720
1080092
1909803
980090
1713064
1859447
1116730
1914820
1908788
977123
1091129
1713069
1713066
1713065
1919908
1674433
1107115
1080093
1674434
1919909
1109394
1713060
1080095
1606081
1395140
1713073
1080094
982709
1107119
1908797
1107114
1713071
1674403
1116727
1116726
1109383
1107120
1908796
1674405
1116728
977932
1107113
1080101
1606080
1914743
1908800
1038205
1107077
1856634
1132752
1908799
1637107
1132753
1112648
1109389
1911020
1080096
1637106
1112696
1117144
1748422
1112697
1746776
1109386
1109390
1110492
1674389
1110490
1593315
1319452
1107076
1109392
1110491
1856635
1109388
977668
1319451
1319450
1109391
1674406
1107074
1041287
1746775
1915419
1109387
1107075
1035755
1041291
1915420
1707265
977128
977667
977124
1829950
977126
1117145
1729139
1915418
1915417
1919907
977125
1962308
1962307
1729138
1117146
1746777
1041250
1222136
1025228
1222137
1112677
1103254
1319448
1112678
1112698
977669
1319449
1103255
1475095
1475094
1748423
1107078
979450
1041288
1746765
1103253
1112769
1118138
1506013
973655
1042495
1034654
1746766
1038206
973656
1222131
1118139
1810539
1042496
1868706
1107072
1112770
1041290
961363
1112771
1912504
1329435
973654
1912507
1915421
1034652
1109384
1222132
1037383
1912495
1222130
977129
1112647
1843227
997914
1912503
1037384
1107061
973653
1605229
1033568
1329434
1903368
1117147
1109385
1034651
977130
1626571
1107058
1810538
1708419
1903367
1843226
1108790
1506011
1033569
1041289
997913
1626572
980054
1107059
1856633
961413
1131346
1912506
1041292
1626581
1131347
1108791
1107047
961415
961414
1604273
971231
1626582
1746772
1912505
997910
1329436
1914824
961564
1041293
1911144
1131345
1107045
980479
980895
1108792
1080107
1909035
980897
980896
1771922
1065192
1080108
1911143
1316906
997911
983234
1104402
977950
1222134
973652
1903363
1116718
1932993
977127
1106962
1316907
1921111
1038069
1903362
1746780
1080111
1080106
1921105
977949
1771921
973651
1080110
1746782
1746781
1843225
1107046
1041286
973657
1131344
1025230
1317774
1107066
1921104
1911142
983235
1025229
1317775
1843224
979451
1626577
1843223
1629482
1629480
1064791
961445
1911141
1116724
1107049
983232
1626580
1843222
980898
1810540
1629483
1909795
1116725
1107044
1968157
980899
1041294
1903366
983233
983231
1317773
983230
1109131
1107486
1626570
1903365
1968158
1107048
983229
1629485
1629484
1604272
1109133
1109132
1720949
1109130
939490
1903364
1909794
1909793
977896
1629481
1109134
939487
1746783
1810537
1810536
1609767
1629479
1038984
1107060
969638
1008566
1810534
1720946
1609771
1961532
1109306
1746779
1626568
997916
1352524
1909792
1609770
1104933
1961531
939488
1037213
1064792
1109395
1910994
980981
1810535
1626567
1109396
1112797
961565
1813416
997915
1746778
1746767
983221
977894
1746773
1329432
1746768
1609768
1104932
1107403
961487
1609769
1609766
977895
1626579
1650967
983222
1116837
1329440
969639
1107404
1746769
961447
1064793
1120722
1302208
939489
969641
979570
1329433
1707264
1911159
1104931
1104930
1771920
1120723
1911151
1041249
1650966
939870
1912502
1650964
1116838
961449
1329430
1112646
1911152
1107304
1107303
1107340
1854326
997919
997918
1912596
1107305
1107342
1911150
1626569
1329431
956515
1854325
961448
997920
1107306
1107341
1104833
1112645
980982
1650968
1911140
1107050
956516
1626578
1909037
1713061
980983
1302209
1713062
978067
1131343
1104830
969640
1909034
1107487
939486
1117413
1713063
961446
1626576
1117414
1451922
1921103
1909033
997917
1038221
1921106
1104406
1713068
956517
1909032
955865
1038222
1104836
1317778
961488
956514
1468704
939863
1921102
657691
1911149
1222135
983228
955864
955863
1919911
1038220
1104834
1106959
972100
1909031
1468706
939862
1650965
1637108
983226
983224
1104831
1919910
1960983
1106961
1106960
1909030
1352579
983225
1104832
1352572
955862
961490
983227
1343246
657692
1911157
