2159363
2159360
2159362
2159361
2159355
1593139
1590805
1590806
1590808
1590807
1753811
1768474
1753810
1753809
1753808
1753807
1753812
1753815
1753813
2159364
2159366
2159365
1753814
2159358
2159357
2159359
2159356
1997681
1997682
1997684
1997683
1997685
2145435
2145436
2145434
2145438
2145437
2145447
2145446
2145449
2145450
2145452
2145448
2145453
2145451
2145454
2145445
1925373
1997686
1925372
1925371
2159354
2159353
2145439
2145440
1925374
2145441
1925382
1925375
2145443
1925376
2145442
2145444
1925378
1925377
1925381
1925380
1925379
2159352
2062832
2062834
2062833
2062835
2062837
2062836
1753806
2062838
2062839
2062841
2062840
1925426
1925427
1925428
1925425
1925429
1925424
1925421
1925422
1925423
1734644
1734645
1734646
1734647
1734648
1734650
1734651
1734649
1720206
1720205
1720204
1720203
1720207
1720208
916214
914924
914926
914925
1768530
1768531
2062925
1444673
2053994
1788893
2053997
2062926
1788894
2053996
1768542
1768546
2053998
1768540
1768541
1768539
1791624
1788892
1788898
1768543
2062927
1788891
1531200
1444669
1444670
1531724
1555017
970208
1659393
1555016
1734386
970207
1531199
1555018
970206
1533686
1533684
1533685
1444671
1531722
1734385
1533687
1533690
1531723
1533694
1788890
1659394
1444674
1444675
1444676
1531721
1709220
1643030
1709219
1441985
1444677
1441984
1643031
1441986
1555009
1734384
1640762
1441988
1713633
1441987
1486897
1486898
1643074
1715608
952243
1643010
1715607
1715609
1643028
1643009
1788896
1643011
1643027
1643008
952242
1790839
1643029
1555019
1534933
1768548
1486896
1715610
1550101
1788895
1768533
1643032
1486895
1550102
1555015
1768532
1534934
1643033
1768538
1768535
1768534
1768537
1768536
1768547
1552822
1552821
1712242
977566
1555011
1444076
977536
977568
1531690
1768549
977535
1742479
977569
1768529
977567
1642874
1531692
1768528
1552589
977570
1438751
1438754
1642873
1438753
1438752
977565
1531693
1438755
1531691
1642872
1561846
1768527
1768526
1438750
1742505
1734387
1713637
1788897
1552590
1742500
1742501
1279096
1642876
1713636
1531701
1561845
1279175
1713635
1552586
1742502
1788899
1531700
1713638
1279174
1279095
977534
1354896
977532
1897942
1897947
977533
1279173
1481992
1275799
1590801
1897943
1481993
1659395
1742504
1742503
1533695
1742506
1897946
1715596
1533696
1533692
1533691
1533693
1790841
1715595
1614272
1552588
1643114
1790840
1897945
1535116
1354918
1440487
1533688
1643115
1481988
1354925
1440486
1552587
1533689
1354919
1481989
1444681
1440485
1535115
1354915
1712637
2079150
1258185
2062930
1258187
1258186
1550330
1574229
1481994
1354890
1552585
1481991
1258184
1354917
1440483
1969690
1481990
1354927
1354922
1354916
1354913
1354533
1535117
1354534
1354926
1279203
1275806
1258188
1493145
1354914
1355192
1354891
1354921
1275805
1355181
1354920
1355182
1659396
1275801
1535113
1444685
1444682
1712657
1444684
1444683
1275802
1444686
1259724
1275803
1275804
1279129
1355180
1550109
1534870
1279145
1550110
1534871
1275800
1535114
1279144
1444680
1534872
1279130
1713772
1969692
1713639
1534873
1640763
1534875
1552820
1534868
2037848
1641688
1534874
1534869
1279126
1552819
1354633
1279128
1781155
1440484
1641687
1643072
1742507
1354634
1279125
1643018
1355183
1641689
1552580
1279135
1444664
1354632
1767661
1742509
1742508
1493144
1279127
1552581
1552579
1535056
1552577
1535057
1637594
1632633
1535058
1534866
1534863
1552578
1535059
1534865
1444679
1534772
1767660
1354912
1534867
1632637
1259726
1637595
1482232
1643019
1534864
1643041
1767663
1637592
1778464
1552576
1534776
1259725
1632636
1534862
1534773
1534779
1534778
1534777
1742510
1533734
1460310
1534775
1534774
1534780
1482233
1279186
1533735
1637593
1702073
2053995
1632632
1643131
1552818
1355793
1460311
1444646
1279124
1640764
1279136
1279138
1279123
1354957
1533778
1640765
1643060
1481231
1279137
1552817
1354955
1761117
1444652
1533779
1444644
1444645
1481232
1643059
1533736
1534771
1484913
1535081
1767662
1481403
1481229
1354956
1533737
1484915
1484912
1535080
1643135
1354953
1781156
1354954
1484916
1279169
1643134
1354583
979337
1355811
1533780
1768544
1712655
1535079
1712654
1533800
1481407
1533777
1767691
1354911
1481404
1484914
1279152
1746445
1481405
1702072
1533781
1767690
1643071
1712656
1969691
1781161
1279180
1677018
1279183
1753651
1713626
1444672
1781160
1444651
1279182
1354980
209251
1781163
1460314
1460313
979336
982488
1712635
1753826
1356681
1460312
1753647
1677019
979334
1356924
1460309
1279184
1279181
1354929
1354928
1781159
1753648
1354979
982489
1356680
1460306
1460308
1354549
1356682
1781162
1484919
1484918
1279185
979335
1460307
1460305
1354985
1356679
1484917
1355941
1354551
1444650
1715614
1753649
1354981
1354550
1713625
1444648
982454
1753650
209252
1781157
1354910
1533801
1354909
1778466
1356050
1354585
1713627
1444649
1709126
1713622
1354584
1533706
1357028
1444647
1354999
1354982
1355944
1533707
1358975
1356791
1753646
1781158
1356516
1713786
1355943
1356610
1356517
1356220
1358962
1713791
1355030
1355945
1632634
1355743
1643043
1355942
1713621
1778467
1713785
1574958
1357869
1701907
1354614
1701909
1643130
1358961
1355029
1354908
1643101
1778468
1643042
1632635
1701906
1354991
1356792
1356617
1444660
1643102
1354990
1354989
1356614
1356611
1356518
1574914
1701908
1749554
874030
1354616
1357870
1778470
1355952
1356338
1357804
1358956
1533731
1356219
1356465
973253
1354988
1658449
1444661
1354983
1356336
1354986
1354615
1355953
1643099
1355707
1355706
1531202
1356215
1535064
1356615
1444637
1354984
1357055
1356925
1354987
1444303
874002
1354617
1658448
1018936
1643100
1356218
1355954
1356053
1444300
1535065
1356793
979339
1550368
1355705
1782451
1355964
973252
1354936
1356466
1782448
1357056
1440488
1354934
1354618
1356464
1356790
1356618
954348
1782450
1355961
1550367
1357054
1358958
1355965
1355963
1356613
1356337
1444302
1782456
954347
1357798
1658447
1356216
1356522
1355967
1355962
1356612
1356027
1444663
1778465
1444301
1355748
1715617
1358959
1359151
1356025
1533745
1355966
1356521
1533741
308597
1355960
1872722
1444662
1356217
1362549
1356342
1355747
1715618
1535063
1357149
1444657
1355886
1533746
1356028
1702074
1358001
1356186
1355860
1362544
1355784
1362550
1356616
1355744
1362551
1356063
1782453
1782449
1643023
977529
1358539
1444658
1356184
1355856
1535133
1355783
1356054
1709127
1357136
1358002
1355749
1782452
1354935
1643140
1643141
1356467
1356068
1355855
1358288
1643040
308604
1362542
1354547
1362552
1702075
1715616
1356333
1356185
1355857
1354933
1715613
1356020
1356019
1355887
1355869
1643104
1357975
1357923
1356142
1356335
1362545
308598
1354546
1355804
1356052
1356031
1832826
1561839
1535131
1279104
1355745
1535130
1356069
1355873
1357865
1354932
1715615
1356017
1358515
1355885
1782457
1354562
1354548
1355806
1362548
1355051
1356334
1356332
1355858
1782455
1355535
1355534
1832827
1355785
1356055
1356021
1356016
1355870
1357976
1356740
1356534
1356915
1357794
1356144
1356143
1768545
1358055
1541156
1356030
1356023
1355805
1279107
1355874
953864
1354553
1358473
1356685
1481430
1481433
1358516
1358514
1561840
1356586
1355710
1535132
655840
1357041
1772215
1362541
1782458
1358279
1356538
1355052
1279103
1355786
1541155
1535062
1358540
1279106
1356080
1576378
1357796
1358509
1643142
1279108
1362543
1355708
1357631
1356032
1357267
1357040
1355875
1357998
1357866
1354554
1561842
1703786
1641686
1355591
1357077
1354181
1279102
1354308
953865
1576380
1481427
953863
1355740
1279105
1354347
1354558
1354557
1357078
1357038
1355871
655841
1358541
1356535
1358282
1526431
1357076
1357044
1355751
1358512
1358510
1358056
1354894
1358471
1885971
1354199
1355746
1481428
1357867
1354555
1358274
1576377
1355200
1357265
1358069
1643143
1782454
1356532
1355832
1643105
1357164
1355750
1358476
1358280
1358051
1357079
1356022
1354183
1357768
1357269
1355859
1481429
1358542
1358071
1358404
1357647
1356576
1358283
1358273
1357795
1354198
1357503
1357413
1357769
1357163
1355861
1358090
1356141
1354556
1267452
1358403
1357416
1356376
1358275
1354998
1354182
1357266
1643020
1358070
1359283
1533799
1358448
1358281
1358272
1357630
1356619
1535061
1354559
1356385
1356024
1355831
1354309
1643144
1358544
1358543
1357323
1279131
1358402
1357808
1357797
1356018
1358449
1357460
1355049
1357268
1358068
1358064
1356574
1358960
1358091
1642445
1356537
1279132
1535060
1643139
1357476
1356905
1354892
1643021
1778453
396873
1358518
1358517
1358513
1354538
1357629
1526404
1357324
1357321
1355038
1355949
1359282
1357806
1357165
1643098
1358477
1356754
1356061
1355736
1356695
1357004
1358957
1354581
1358545
1354907
1643037
1356664
1356578
1356343
1358154
1356015
1354582
1444659
1576379
1358450
1357461
1356838
1357320
1355037
1254047
1355939
1355850
1355028
1355027
1643022
1357807
1357039
1356880
1358050
1356686
1356034
1778469
1355047
1357634
1356991
1356268
1354893
1356739
1356577
1355194
1778462
1356340
1561843
1643036
1643035
1356014
1279109
1358058
1357122
1357121
1356035
1355737
1355733
1354348
1541153
1357477
1356697
1356696
1356040
1355026
1355018
1354179
1357805
1356752
1357119
1356684
1356579
1355199
1354676
1357472
1357369
1358324
1357229
1356037
1354306
1355050
1358048
1362547
1358066
1354997
1356339
1356274
2148563
1358159
1712640
1643026
1357545
1355048
1712641
1356470
1541154
1357370
1541152
1356038
1355201
1486911
1354307
1355648
1354563
1356041
1354670
1354320
1643137
1354578
1533733
1358930
1357368
1356621
1358322
1357123
1356036
1354343
1357478
1356698
1356663
1356662
1355197
1357408
1357405
1354193
1642866
1358253
1358057
1357635
1643122
1354529
1643119
308711
1357473
1357414
978659
1356990
1643039
1561844
1355017
1357386
1354318
1358049
1356533
1355193
1643150
1358067
1357409
1357632
1358160
1357777
1354346
1354305
1356223
1356222
586268
977561
1362546
1354338
1885970
1357407
1357403
1356269
1279089
1357430
978656
1358700
1357264
1356849
308710
1358504
1358323
1356051
1355189
1354302
1643038
1356075
1354314
1354172
1643126
1356683
1354536
1357388
1356642
1561841
1358122
1355059
1354219
1279090
1357636
1355187
1355081
1962944
1357415
1356188
1356536
1712819
1039006
1356267
1885969
1354319
1354221
1356575
1535111
1358065
1827102
1354537
1962946
1357778
1357234
1356033
1355188
1444678
1358667
1039005
1355195
1358317
1357404
1357387
1357125
1753822
1355761
1354539
1354224
1541007
1355191
1355173
1354342
1464112
1354579
1357431
1356187
978658
978657
1357458
1357118
1356620
1355177
1962943
1356836
1356648
1354996
1354289
1354580
1712818
1354192
1354173
1354895
1358269
1358188
1356573
1039007
954345
1645864
1355060
1354220
1355174
1355096
1355082
1885972
1599288
1358405
1357996
1357633
1357462
977562
878092
1827097
1357732
1354217
1464111
1355709
1355171
1357649
1357457
1357456
1356531
978655
1355938
1356250
1354273
1885968
1357475
1357471
1357328
1356471
1354171
1356634
1356572
1759358
1759357
1643138
1357536
1541151
1712817
1354211
1535134
1356042
1355095
1355080
1872721
1357318
1358130
1357864
1878498
1358314
1357728
1357479
1354216
954334
1357637
1356643
1356737
1356539
1356436
1354297
1358511
1356837
1356569
1358311
1357474
1357470
1357466
1357325
1356469
1354902
1358407
1358406
1357997
1357948
1356633
1535102
1356039
1355179
1355079
1355078
1354175
1599287
1759359
1358123
1357779
1356877
1357863
1356242
1354298
1356571
1356251
1358313
1357727
1357329
1356486
1356286
878093
955958
1354177
1717692
1717693
1357648
1355480
1354540
1643152
1643151
1357695
1354290
1357319
1490599
1354180
1358200
1535112
1357117
1641685
1535105
1643052
1962945
1357331
1356262
1535103
1354622
1354184
1599286
1354174
1356341
1356658
1357862
1357092
1356570
1357468
1357467
1357326
1358408
1486910
977530
1357401
955959
1354288
1827099
1753821
1643153
1358460
1357780
1356722
1356243
1464113
1490598
1357330
1359142
1355977
1535104
1357537
1357371
1304239
1356244
1356074
1358472
1356657
1357735
1356720
1354931
1643053
1356271
1354194
1356656
1714699
1356253
1713634
1356490
1717691
1357367
1356264
1533630
1464108
1358459
1356721
1827098
1643154
1357120
1357469
1357327
1357236
1358312
1354176
1359114
1358797
1357366
1481426
1358018
1354337
1354315
1357694
1964053
955960
1356228
1354284
1355948
1354329
1354281
1355023
1354303
1354301
954330
1356640
1356252
1691713
1356488
1357546
955957
1357322
1482013
1354897
1357115
1712643
1713623
1358252
1355481
1356272
1356270
1358701
1355025
977564
1355190
1358415
1358004
1535110
1354930
667505
1354623
1360324
1354195
1379150
1355936
878095
1357093
1354328
1354327
1354299
1358254
1358016
1356329
1359115
977531
1356377
1356346
1357116
1358251
1357114
1355923
1355478
954549
1354285
1442008
1712642
1355937
1445061
977563
1533629
1355024
1355175
1354227
957606
1533628
1357734
1357730
1356489
1464109
1359284
1358905
1358668
1357459
1535108
1442138
2148564
1379151
1964052
1356513
1356512
1354326
1379154
1357790
1356007
954331
1355546
1354659
1359225
1356241
1357432
1358864
1354317
1355996
1355888
1355479
1355042
667504
1354283
1533743
1356166
1753820
1354341
1354300
1355172
1354229
1354213
1358017
1357733
1356330
1712644
1359158
1358532
1379149
1356772
1356326
878094
1356808
1356472
1356379
1535109
1354254
1379153
1357662
1354658
1354657
1355198
1354287
1354286
1442139
1753819
979338
1354304
1712632
1354240
1354239
1354230
1354228
1354215
1358003
1355978
1359155
1358675
1358669
1358550
1356520
1642868
1354189
1355035
1355033
1354938
1444636
1358398
1357490
1356809
1356514
1356414
957607
1304238
1357729
1445060
667503
1533742
1356986
1356858
1357372
1379148
878096
1356362
1356327
1356325
954333
1354241
1357433
1356358
1354252
1354295
1354292
1359188
1358990
1358865
1358863
1357005
1362554
954332
1355043
1541006
1464110
1356265
1355186
1358178
1357509
1357508
1356956
1356920
1356167
1354679
1356323
1109791
1354214
1445057
1359159
1358659
1358632
1358549
1358548
1358533
1356987
1356861
1356519
1356266
1535106
1357584
1357504
1356412
1356396
1356378
1354316
1746450
1354222
1354196
1358332
1354904
1356558
1354336
1354277
553771
1358644
1358591
1356542
1279100
1356320
1358637
1356318
1355666
1354237
1354235
1354234
1354232
1354231
308709
1354251
1354185
1355979
1358987
1358676
1357346
1964051
1481393
1354190
1354169
1355036
1355034
1356515
1356415
1552567
1354624
1645866
1354210
1354291
1354280
1358364
1358363
1357872
1356984
1109790
1355196
956978
1356468
1356359
1535107
1358867
1358866
1357006
1746453
1354937
1354906
1355046
1356557
1354276
1357510
1356197
1354995
1362555
1356324
1356319
953845
1645870
1357410
1356317
1354233
1354218
1358633
1356863
1356862
1355775
1354905
1279099
1357660
1355041
1442136
1356700
1356693
1356690
1356564
1356510
1356506
1356413
1779066
1645871
1354223
1753817
1355976
1354278
1354660
1645865
1355185
1886481
1358638
1358729
1358678
1356945
1354293
1444029
1440840
1586329
1354170
1753824
1746452
1357538
1356556
1356480
1354311
1354275
1354901
1362553
1357385
1355714
1531203
1445058
1746449
1357406
1354212
1354279
1761116
1358798
1049846
1482012
1354898
1355031
1356972
1356780
1356699
1356361
1354242
1359186
1354296
1533627
1714700
1279098
1354197
1354322
1358013
1358012
1355184
1354344
1354340
1357411
1358803
1358582
1358534
1303868
1354900
1356694
1355711
1531204
1357073
1358982
1358775
1358768
1358546
1358126
1355726
1445059
1356581
1358144
1357013
1357012
1354238
1354236
1354294
1552719
1356918
1254051
1358393
1356691
1355176
1358818
1358799
1358707
1357737
1356985
586269
1379152
1442137
1643145
1379147
1356315
1357966
1354310
1354282
1354274
1356692
1354899
1359189
1358868
1354576
1886482
1357800
1531205
1355665
954346
1358151
1358014
1357871
1356741
1354321
1354191
1356004
1355178
1354345
1357692
1356676
1358117
1356979
1356728
1355951
1355724
1356659
1356504
1356391
1359275
1354313
1407924
1407923
1357075
1357074
1358979
1358770
1358769
1358547
1358127
1357736
1357332
1354573
1712631
955346
955345
1355722
1357868
1357485
1356487
1359249
1359224
1359147
1359035
1358791
1358670
1358146
1358145
1355780
1357067
1357083
1355664
1358394
1358072
1357676
1357340
1552722
1531206
1712598
1734784
1768514
1712649
1354339
1359153
1359102
1359004
1358800
