1258272
1258271
1245341
1274898
1174743
1247130
1195435
1195434
1174717
1247129
1195433
1174716
1237306
1237303
1237304
1237302
1211333
1160592
1239897
1288344
1191568
1288342
1288339
1195431
1237305
1191567
1147549
1150368
1195432
1313058
1358009
1160589
1147722
1239898
1139236
1166089
1249801
1230421
1193329
1274752
1160587
1288349
1237129
1235439
1257417
1246341
1358010
1160593
1160588
1243156
1267589
1235776
1197044
1179584
1288347
1288345
1196407
1267205
1249767
1129679
1288766
1267246
1241241
1238367
1166755
1249802
1213696
1235644
1160591
1160590
1160586
1176586
1323474
1267371
1160252
1328650
1303016
1243051
1235774
1225045
1160220
1139235
1251684
1213695
1246330
1238364
1227382
1227377
1251683
1288757
1267325
1167605
1176585
1288348
1160253
1235643
1160585
1159499
1150138
1135182
1214786
1288763
1249844
1241254
1241242
1238360
1235726
1232894
1225042
1186773
1174722
1167582
1166756
1150369
1228505
1235645
1323475
1315702
1160251
1309639
1135180
1267245
1227380
1182042
1214785
1274860
1267486
1257416
1243463
1187008
1166941
1167374
1159500
1196406
1185745
1224075
1303015
1267351
1249829
1249828
1246331
1241187
1238365
1225041
1205128
1182044
1174720
1129683
1328588
1300828
1288758
1267327
1267326
1241238
1235765
1167604
1251685
1135181
1167195
1314864
1313049
1288346
1188195
1159498
818164
1288767
1249845
1267404
1238854
1238368
1238361
1235727
1232895
1230376
1227378
1225043
1196983
1186775
1170693
1167583
1167379
1166940
1166056
1288343
1226660
1196403
1185744
1327399
1316473
1176146
1171750
1162465
1160250
1303014
1267422
1267402
1249827
1205127
1182043
1167552
1129677
1224074
1314874
1304379
1325356
1267487
1238374
1235730
1235035
1201122
1178041
1151804
1251686
1237126
1159501
1314863
1186060
1313059
1243222
1237307
1188193
1187877
1173859
1303137
1279492
1261308
1257545
1246332
1240460
1240373
1232893
1230375
1227277
1226287
1225039
1186774
1174721
1166675
1129678
1326936
1291725
1267590
1267566
1267563
1239904
1205133
1197043
1167641
1241086
1169363
1259501
1171749
1237127
1200613
1314865
1302587
1266991
1241202
1205124
1180799
1171246
1167338
1214938
1313479
1313333
1267520
1267214
1230377
1201138
1194093
1182687
1170694
1167621
1167588
1167580
1167578
818165
1356140
1317043
1289186
1288762
1267617
1267608
1205136
1238017
1226661
1186059
1161104
1214937
1226654
1243221
1187876
1187358
1175222
1288341
1185742
1336686
1226836
773274
1241085
1241084
1169361
1214936
758742
1316483
1267403
1267401
1240459
1230374
1222474
1164703
1129682
1304380
1289949
1325357
1291720
1291705
1267558
1256657
1239900
1238375
1235763
1233464
1227781
1225357
1205130
1205028
1197030
1196389
1195213
1195204
1194095
1188653
1186202
1183588
1178042
1168777
1168579
1167639
1167591
1167590
1266974
1227133
1200612
1168541
1160292
1166450
1168540
1167181
1313060
1275271
1267421
1267397
1267348
1245480
1240495
1187881
1180810
1167433
1167337
1149663
1226659
1185746
1391111
1328690
1328678
1313476
1313332
1303835
1282599
1279932
1261309
1257546
1235440
1233116
1227139
1227114
1222476
1194091
1187013
1183442
1174730
1170670
1167616
1167586
1167577
1167553
1167528
1167480
1167401
1166026
1129684
1185741
1161356
1168537
1167171
1167170
1161103
1328665
1318035
1316482
1312926
1291708
1267567
1267564
1267417
1241239
1241237
1227974
1222479
1221888
1201159
1172096
1170698
1169740
1167607
1351193
1303013
1289706
1237128
1167402
1166753
1135275
1302588
1267398
1267153
1240372
1238453
1238366
1226134
1196957
1195195
1176207
1176204
1164702
1129681
1251927
1200271
1171695
1164701
758378
758376
1337400
1313640
1301892
1301372
1292238
1288507
1279834
1279833
1275325
1267554
1267521
1267443
1267374
1267363
1249848
1249836
1249817
1239903
1238369
1235728
1235709
1235707
1233463
1227117
1223866
1201141
1196998
1196991
1196806
1186198
1183587
1182591
1180821
1168769
1167728
1167529
1167408
1161337
1148302
1148300
1277849
859344
859039
818166
1328670
1315198
1312894
1305218
1304374
1301900
1294323
1288764
1288253
1249846
1224531
1183650
758377
758374
1267381
1336687
1214447
1185743
1233923
1226837
758375
1274857
1267420
1226102
1180809
1176205
1167432
1149662
1167169
1303834
1303131
1301886
1279931
1275287
1267378
1251148
1249814
1249624
1243533
1235627
1235032
1225356
1222475
1213572
1195196
1182589
1170669
1241230
1147100
1147099
1274901
1237087
1205120
1197006
1166752
1159502
1391109
1328674
1328673
1314875
1313707
1289058
1180829
1316265
1315914
1314670
1314668
1314629
1301895
1292510
1291723
1288817
1283727
1275199
1267553
1267550
1267535
1267512
1267376
1267170
1251576
1249835
1249824
1241255
1239901
1239562
1239560
1235755
1235681
1235442
1225106
1215568
1205131
1201090
1195206
1195205
1194087
1187907
1186199
1180832
1180823
1176217
1176213
1174735
1172091
1171776
1170697
1170696
1168580
1167638
1167622
1167603
1167592
1167589
1167537
1167510
1227131
1186941
1171694
1168539
1166733
1276365
1263896
1257383
1241690
1227111
1225010
1192300
1186186
1176206
1176203
1175178
1161738
1151801
1162408
1157049
1335118
1288340
1309640
1350338
1350117
1267380
1313478
1313477
1301898
1291728
1282970
1275324
1267441
1267319
1257547
1249816
1249805
1249772
1237511
1230379
1230179
1227140
1227115
1227113
1222333
1205106
1204319
1201137
1197018
1196989
1196805
1196386
1182590
1182582
1174733
1171756
1170682
1168765
1168764
1167587
1167564
1167526
1167443
1167397
1167118
1167110
1166918
1166027
1148299
1148223
1148222
1351451
1337404
1326937
1320197
1315197
1312822
1300829
1294090
1291784
1289184
1288494
1288431
1288100
1280521
1267611
1267593
1267592
1267591
1267575
1267568
1267565
1267562
1249838
1243724
1241257
1241253
1241240
1238379
1237153
1235773
1235769
1235767
1235766
1227142
1221890
1221889
1205135
1205132
1201162
1201158
1197047
1197046
1197045
1197042
1188650
1188210
1188209
1183649
1176220
1172094
1172093
1169742
1169741
1169733
1167640
1167619
1167609
1167608
1167606
1283608
1275256
1266975
1248913
1227957
1205121
1186174
1180490
1167429
1167428
1167185
1161055
1241232
1241083
1147098
1350288
1288700
1267400
1267352
1249806
1249798
1249710
1249709
1243534
1243191
1226135
1199313
1196984
1193454
1182587
1177380
1174673
1167559
1167503
1162049
1129680
1289704
1194998
1167188
1162776
1161203
1160274
1131715
1358179
1238016
1350334
1337401
1328663
1316486
1316263
1315390
1313473
1301891
1301373
1288508
1288315
1283725
1279835
1275317
1275276
1275254
1267532
1267531
1267511
1267375
1267353
1267345
1267287
1267221
1267220
1267155
1267071
1267012
1266223
1263412
1249837
1249834
1249719
1246338
1246322
1246281
1241243
1241235
1237512
1235754
1235749
1235745
1235729
1235708
1235680
1235615
1235517
1235441
1229041
1228731
1226148
1226131
1226100
1226099
1204182
1202829
1201153
1201052
1198761
1196967
1194088
1194086
1188635
1180822
1180820
1180816
1180814
1180790
1176218
1176201
1176145
1172535
1171775
1171765
1171755
1170695
1170672
1169723
1169713
1168767
1168766
1168706
1168576
1167601
1167584
1167581
1167536
1167531
1167525
1167522
1167414
1167380
1167241
1167138
1167137
1166700
1166057
1261682
859345
1328668
1328607
1317924
1314428
1313872
1313063
1304378
1304375
1302044
1301904
1294321
1292567
1291474
1289057
1288765
1267618
1267605
1237154
1197050
1188652
1180828
1169743
1162343
1233925
1151803
1196342
1103266
1179965
1166786
1161105
1233924
1313331
1257382
1235637
1226133
1222467
1192299
1184667
1184651
1176891
1176183
1174479
1166301
1150734
1148428
1148180
1134600
1151802
1267379
1302589
1301889
1276366
1275323
1267449
1249771
1237510
1237509
1235758
1235694
1235033
1230178
1227138
1227122
1192293
1190405
1189229
1186772
1183584
1182581
1176208
1176132
1174732
1174700
1169694
1167570
1167519
1167502
1167499
1167466
1167372
1167352
1167134
1167108
1167107
1166969
1162780
1161040
1148220
1135276
1147900
1147101
1134472
1266758
1257409
1233115
1227134
1224957
1186155
1186034
1186033
1174729
1355709
1328675
1317506
1313903
1305220
1167633
1160276
766011
1350336
1337403
1315915
1315716
1314669
1303395
1302527
1291783
1291739
1288754
1288430
1288251
1275211
1275201
1275200
1275182
1267587
1267582
1267573
1267559
1267556
1267551
1267462
1267450
1267393
1267358
1267329
1267308
1267298
1267253
1266939
1266229
1251578
1251577
1249825
1241256
1241155
1239902
1239740
1239561
1238376
1238372
1238363
1237147
1235775
1235668
1230428
1227141
1225156
1224528
1223133
1205113
1201155
1201145
1201089
1201088
1197040
1197035
1197014
1197011
1196944
1196480
1195210
1192305
1191756
1190840
1188649
1188207
1188189
1187979
1187956
1187908
1187906
1187902
1184670
1184089
1183443
1180824
1178044
1178043
1176193
1176166
1174741
1174740
1174736
1174727
1172092
1172086
1171778
1171777
1171766
1171764
1171261
1170689
1169724
1169686
1168721
1168495
1167617
1167593
1167527
1167511
1167140
1162340
1162164
1162351
1214933
1246311
1160273
1289419
1214446
1169963
1275286
1274859
1267474
1267399
1267152
1263421
1248991
1241184
1235638
1225009
1196976
1193451
1192259
1177377
1176178
1175179
1174481
1169675
1169443
1168487
1167351
1166556
1166555
1135273
1361943
1162174
1155005
1148237
1148179
1147545
1277848
1214932
1311579
1302082
1301888
1289055
1280517
1267500
1267459
1267442
1267320
1267311
1267218
1267169
1267029
1266979
1266819
1258925
1258430
1249833
1249741
1246339
1246317
1246280
1241245
1241151
1241150
1241144
1239307
1239050
1237146
1235713
1235696
1235670
1235516
1229039
1228712
1227116
1226098
1225346
1205107
1201076
1198932
1198760
1197023
1196990
1196966
1196965
1196946
1196478
1196387
1194085
1189432
1180815
1180796
1176211
1174701
1171772
1171253
1171241
1170690
1169721
1169648
1169445
1169382
1168705
1167612
1167576
1167565
1167533
1167469
1167136
1167119
1166028
1162411
1160584
1148224
1147967
1136019
1353761
1353346
1351453
1351452
1328667
1328606
1324005
1320199
1320198
1318367
1316158
1314427
1313639
1313469
1313056
1303185
1302670
1302388
1301893
1293632
1293331
1293141
1289056
1288683
1288532
1288491
1288252
1283847
1283825
1283728
1275330
1275285
1267616
1267604
1267599
1267597
1267596
1267594
1267585
1267569
1267237
1267000
1266231
1249839
1249823
1241258
1241050
1238856
1238855
1238380
1238378
1235771
1235770
1235764
1235756
1235723
1230430
1227973
1204130
1201160
1197048
1196975
1195211
1192295
1190848
1190390
1188651
1188211
1182689
1180827
1180826
1180544
1179585
1176221
1176219
1174744
1172095
1170699
1169734
1167620
1167611
1167610
1162342
1351194
1313521
1235639
1235636
1225006
1193334
1187006
1184657
1184650
1176888
1176181
1174676
1174478
1162777
1315099
1313050
1267041
1232434
1222208
1148243
1275799
1275798
1267026
1289705
1275255
1245481
1174728
1168757
1241229
1350289
1315194
1314645
1314422
1313875
1289236
1288706
1288702
1288313
1279576
1275321
1275086
1267453
1267154
1249807
1249770
1249750
1249515
1241210
1241185
1238327
1233462
1230291
1227121
1227112
1201075
1193452
1184662
1183586
1182663
1182588
1176197
1174690
1167541
1167517
1166336
1148226
1214935
1135272
1135271
1277847
1287994
1328049
1103267
766009
1360501
1337402
1319001
1316487
1316264
1315391
1313503
1312925
1302769
1302375
1301903
1301139
1292239
1291738
1288467
1283756
1283726
1280520
1279105
1276158
1275207
1267581
1267579
1267555
1267548
1267547
1267471
1267461
1267454
1267434
1267364
1267346
1267328
1267324
1267289
1267215
1267179
1267119
1267086
1267031
1266938
1266933
1266863
1266820
1266224
1266068
1265996
1265453
1258930
1258279
1251179
1249821
1249808
1249776
1242170
1242168
1241236
1241154
1241147
1241141
1239051
1238373
1238362
1238347
1235750
1235739
1235714
1235678
1234966
1230429
1230426
1230398
1230378
1226132
1225160
1225155
1225038
1223599
1223573
1223553
1223146
1220275
1201154
1201142
1201139
1201086
1201084
1201045
1197034
1197032
1197021
1196978
1196947
1196479
1195209
1194094
1194092
1194083
1192304
1192283
1192282
1190409
1188636
1188205
1187900
1187015
1186189
1184819
1184669
1184668
1184087
1183118
1183113
1182690
1182684
1180817
1180786
1178038
1178032
1176890
1176216
1176165
1176164
1174739
1174734
1174726
1174718
1173916
1172536
1172089
1172085
1171774
1171769
1171768
1171259
1170688
1169720
1168768
1168707
1168492
1167600
1167596
1167585
1167579
1167535
1167534
1167523
1167463
1167415
1167381
1167139
1166701
1162163
1148301
1256301
1214934
1354440
1328669
1318305
1317505
1317045
1316331
1314419
1313644
1313064
1306022
1305219
1294322
1292953
1288769
1288768
1288537
1267606
1249849
1249847
1238475
1225050
1205138
1197056
1186205
1182692
1176222
1167810
1166989
1162344
1350339
1259698
1190010
1185018
1167240
1162141
1147473
1279831
1274858
1267314
1249708
1248990
1241182
1238980
1227953
1193450
1188639
1186944
1185629
1180804
1176177
1174480
1169442
1168578
1167353
1167350
1167192
1166554
1162153
1176047
1275797
1315098
1315094
1241231
1223634
1222207
1166627
1166595
1160226
1148240
1167887
1160256
1167969
1167722
776057
766008
1302081
1301890
1292336
1276157
1275303
1267499
1267216
1267168
1267127
1267079
1267003
1266967
1266966
1258429
1249565
1246334
1246316
1246161
1243192
1241691
1241193
1241143
1235759
1235717
1235641
1232832
1230384
1226136
1226129
1226110
1226096
1226013
1222478
1222327
1201121
1198931
1188654
1187614
1183985
1183956
1183585
1183110
1180788
1180784
1179558
1178031
1178030
1176209
1176133
1171771
1171753
1171373
1171237
1170678
1169707
1169654
1168494
1167571
1167520
1167468
1167464
1167436
1167418
1167388
1167336
1167109
1162410
1161041
1120709
776354
1261700
1235635
1235633
1225034
1205110
1174505
1174477
1169710
1267118
769402
1353345
1335521
1328328
1325358
1320196
1317044
1314425
1313475
1313062
1312841
1305649
1304377
1302684
1293024
1291892
1291834
1288530
1288528
1288519
1288468
1288449
1288317
1283824
1279109
1279108
1276156
1275329
1275202
1275183
1267615
1267614
1267588
1267586
1267584
1267580
1267578
1267574
1267560
1267549
1267543
1267542
1267507
1267463
1267451
1267309
1267299
1267271
1267235
1267181
1266851
1266683
1266225
1264746
1258280
1251579
1251575
1251186
1251184
1250951
1249826
1249822
1249820
1249819
1249800
1249790
1249777
1246337
1243679
1243224
1241248
1241247
1241149
1238377
1235751
1235743
1235722
1235686
1235669
1235656
1235646
1235624
1232835
1227962
1227118
1226149
1226137
1224529
1215569
1205677
1205117
1202647
1201157
1201156
1201125
1201096
1201093
1201091
1197037
1197036
1197025
1197015
1197000
1196974
1196437
1195214
1195212
1195194
1195191
1194072
1190417
1188747
1188206
1187909
1187903
1187583
1186203
1186200
1186147
1184013
1183444
1182688
1182682
1180825
1179583
1176215
1176180
1176152
1174737
1172538
1171767
1171257
1169738
1168496
1167615
1167602
1167542
1167512
1166817
1162165
1147829
1391110
1353763
1344639
1328677
1303059
1301905
1294325
1313633
1288382
1249506
1245479
1227132
1221309
1186942
1168795
1168734
1167211
1162051
1315193
1275326
1275210
1267518
1267452
1267395
1266228
1257129
1249511
1248481
1235747
1235746
1235695
1230177
1227963
1227954
1227120
1226044
1202646
1201074
1196937
1196409
1186187
1177378
1174731
1169676
1167540
1167420
1162779
1162430
1320943
1162175
1134598
1303005
1259695
1175698
1166821
1166604
1161384
766403
758746
1335156
1328664
1319713
1318969
1318486
1318484
1316485
1313873
1313565
1313057
1311580
1302768
1301897
1301896
1301862
1291734
1288711
1288704
1288703
1288694
1288466
1288314
1275319
1275282
1267539
1267505
1267488
1267473
1267464
1267460
1267413
1267344
1267330
1267323
1267321
1267219
1267030
1266978
1266862
1266407
1265995
1258575
1258277
1251176
1249830
1249784
1249775
1249757
1246340
1243723
1243162
1242169
1242165
1242162
1241246
1241152
1238370
1235585
1230415
1230407
1230397
1230396
1230394
1228858
1228714
1228713
1227429
1227137
1226119
1225775
1225047
1224530
1223131
1203445
1201152
1201082
1196963
1196400
1195208
1192302
1191703
1188204
1188201
1188199
1187904
1187778
1187014
1186184
1186183
1184818
1183986
1180771
1180770
1179577
1176850
1176638
1176163
1174724
1174702
1174694
1174693
1174692
1174656
1172087
1171773
1171593
1171374
1171254
1171252
1171245
1171240
1170691
1170673
1169976
1169722
1169715
1169689
1169649
1169383
1167613
1167569
1167560
1167539
1167532
1167474
1167462
1167446
