1324969
1238243
1238242
1324971
1324970
1396026
1383849
314331
1144371
1144370
1144369
314390
1144368
1311059
314330
314365
1401538
1401537
314401
314399
314402
314364
314403
314394
314400
314397
314336
314362
314398
314396
314334
314382
314381
314355
314323
314404
314358
314335
314387
366214
314363
314380
314332
314386
314348
314340
1407871
314374
455253
1384485
314379
314352
314333
320182
455254
320183
314385
314393
314372
1384484
314383
1318307
294349
314384
314378
314351
371451
314354
1165506
314389
314337
294348
294218
314347
1337561
294220
1316244
314346
1337560
454281
314388
294219
314329
320184
320181
320186
320185
314392
314373
294350
314395
314356
314328
1320151
314357
314312
1320150
314391
366215
1142490
1142489
1142488
294172
1353034
314377
1353033
1238283
1238282
294173
1238281
314368
454307
320179
320177
314350
314339
314319
320180
314371
314345
294217
1142487
311725
314325
366266
1142486
314367
366216
366268
1141766
1141765
577694
1145023
314369
314434
1326576
314370
314361
314349
1083256
311718
577695
361218
1238305
314353
1326569
314432
1317329
366267
314313
1326568
1238295
314433
314376
1293196
1326567
1326566
1238294
311712
311717
577691
320187
1326575
1316946
1316243
1293197
1293195
1238293
1141768
311719
1326574
1323754
1316945
1316242
320188
1326565
1211930
314320
320178
1326573
1326564
1323755
1238304
1238288
1211929
1186431
1326572
1323753
1238285
1186430
314366
314318
1186429
311711
1317330
1324642
1317936
1291044
1238291
1186426
1141767
1326571
1309650
1309494
1291043
1284112
1284111
1238303
1238299
1238290
1326570
1309649
1238298
1186434
371290
1238292
1238289
1186432
1186428
361217
1238287
1186427
311713
1238302
1238297
1238284
314431
1238286
314327
314360
577690
1320155
314324
1238710
859070
1238301
1238300
1190761
1190759
314359
1238296
577692
1190760
1141282
1186433
1335010
314375
1238278
361714
1345031
1238584
1238279
361214
330765
1342451
1238583
1149732
1238277
1238582
1163646
1149731
361715
1163645
366212
1350186
1342450
1143445
1342449
366213
330759
1336580
1317973
314322
1335012
330761
314326
1335011
330764
1320158
577693
365551
294347
1320157
314321
1211928
1320156
1350185
577745
1211927
1186423
1211926
1317972
314430
330760
1317971
371292
1326366
365550
1186421
1317970
1190758
1186425
371289
1326365
1317672
1186420
348438
1165505
1190757
1190756
1186424
1238276
1165504
366221
366210
365549
1370538
366223
366222
314429
1368267
1190752
366211
1238271
1163643
366225
1238270
366242
366156
365552
1238216
1186393
363578
1370540
1238215
1370539
1368266
1190751
363583
348434
1368265
1361509
1356494
1335711
349832
1186422
1186391
366224
1186390
1345030
1238214
365047
363579
1186389
294201
1186392
1345029
294202
1163644
1335713
1238275
1238274
1019655
1238273
1335712
798721
468669
1190750
1190749
361196
1307374
1307373
1238202
1238201
1320154
1238200
1307372
1307371
1238199
1324394
1320161
537886
1186419
1190748
330762
1320159
365883
577706
311710
311716
365886
363584
1189176
314344
365887
1326364
311714
1353058
1316029
1320160
349678
330763
1238783
1320153
1307375
365881
1312547
314343
1326363
1391262
1320152
365885
1324393
832873
311715
1238782
366331
1326362
1186406
1238749
1238781
1139605
1238748
1238746
763039
365946
1324389
366332
453883
1324388
314342
1238780
1238779
365045
832872
365882
1139604
1238213
370995
1238212
1312548
349833
365884
1161599
890511
1161598
1238747
365888
348433
1238745
308334
1211933
453887
1238198
308259
1238742
1238741
365917
1311485
365046
1238738
1238740
1238739
1311484
365919
1238736
308260
1238737
294241
1186405
562713
1314045
1311487
1311481
363585
562714
371454
1311483
1238744
1314044
1314046
1302977
1311486
1311482
365923
365918
365914
1238743
1302976
365921
365920
1190755
294240
1301048
1238754
1311480
366160
1238753
453884
363502
1238752
1238751
665853
294239
1238750
365049
294243
1311561
365924
365915
366157
1311596
368548
365922
365916
294200
453653
365926
366158
1301049
366159
1238755
371458
1311479
368549
363501
1314043
349831
1300613
666770
453654
308264
448744
365927
1300612
294238
1081928
453655
371456
1190754
371457
371455
1190753
314338
371453
1161597
1147954
348435
462755
450882
655168
365749
541882
1081930
448745
577703
453341
294242
365822
360507
541883
365879
562533
314427
348436
450879
360508
1301050
562710
1190762
562534
294233
337667
495360
450875
564669
848324
330758
314428
453885
294232
314425
450881
450880
294199
453338
348437
365639
562711
294226
294237
308263
360506
365565
362886
562712
308282
1081860
443786
294229
294227
1081937
1081929
279692
347161
453886
828795
363525
453656
314423
365951
294231
294230
294346
363528
450888
365925
848339
443787
363530
363529
363527
903556
294224
568045
450876
362887
314424
294235
365821
429123
308307
308306
848340
347162
363531
294225
365952
903555
450878
448249
294236
366421
903554
903553
903552
371452
368725
362883
562530
366422
363524
453926
450877
363532
462756
1358662
294228
363526
314341
450887
365906
450889
362881
365907
447298
454280
294234
365910
330757
453339
365905
365901
362045
577762
308305
364306
448753
365655
759788
759789
362885
447296
365911
365909
453340
562513
759787
365048
314426
362882
1358661
365908
448746
368727
294171
361211
371328
450874
759714
759713
362884
522273
454279
447297
1081863
349661
450890
311153
759790
294223
424366
562532
365903
453927
365898
364613
1054424
365899
462788
573544
294170
453928
349663
361212
713671
378122
294168
364761
365904
844275
1081862
365658
294222
455601
424364
447408
365878
349669
371561
541976
560002
404115
453898
311154
1024769
447409
573545
448400
424365
308258
559998
560003
368724
454403
560004
562929
443788
453929
362046
462789
366429
562930
577760
443791
294169
455599
1054425
349662
365656
294221
453899
361242
577761
455600
294167
1120912
362269
365657
1083263
704920
701742
447403
562931
365564
371506
444009
404114
450189
371507
365873
577495
453900
311155
361240
362270
792355
781138
453359
577720
365902
1120913
447411
365930
453901
701799
525290
1120911
1054426
571692
844276
828540
449209
949929
522272
361239
578052
365044
365931
330837
330766
443790
701800
450193
450191
347164
371505
840387
527953
318931
365932
577750
447405
368726
366423
571693
840388
1357293
443789
330838
1083260
701801
492834
450194
365043
365042
294194
447406
365928
513526
419551
376824
294404
758623
361243
365929
828541
821975
840389
960310
330754
447407
447404
758621
1083261
349640
960309
577721
1357292
712112
701741
287053
1083262
371508
453983
1298531
346705
294405
857974
449427
578051
821976
559994
1083257
447410
577747
294198
419553
419552
364305
279910
758622
453984
1083258
628367
330767
449432
449428
1083259
450192
758620
757203
447412
758624
779873
453688
482744
361244
366433
330768
560240
363533
449433
465615
454606
559999
559997
363193
465616
330769
560000
703412
366153
454547
330753
560001
361245
294164
757199
1293231
457094
757202
294197
366154
453748
757198
1140545
449429
449419
371560
1140364
1320173
1140358
376771
462757
1140544
454546
449431
449430
349037
376772
294137
577748
280056
710309
828673
330772
454702
889310
1314036
294165
455602
559995
424659
710310
1314035
1301040
363192
362268
1320172
453749
1394841
577496
960308
482761
522274
441826
361241
482512
363534
577749
1314034
365794
949930
453750
1394840
294325
365825
444010
363504
453982
366603
1311179
348452
510014
578049
366240
376773
453752
453751
371064
1140365
376801
577699
449244
1240088
371065
577701
485504
445716
578050
453818
1320174
1253291
1240087
1311178
577717
1253290
376774
294166
371486
847790
365041
1140363
330755
430452
364610
710311
577702
889311
577718
366432
365437
757182
294324
444500
506508
506272
485505
360885
1303142
700726
758619
757181
371291
577719
1373173
1373172
363503
449418
1140362
364416
280031
1278732
348430
330756
1140361
541885
758618
293952
348453
577704
541886
365438
467208
294139
757223
757200
1320175
577700
455610
448402
757222
376802
366569
949072
348454
349544
1140546
577705
758617
365057
757226
366194
293953
1278731
311709
364623
894360
366195
366567
1278730
1140578
301709
457154
457232
1303140
757224
365947
363191
453691
448749
448747
365058
894361
461096
366201
1119470
1278729
1140577
366196
349596
361246
541887
349660
461097
577696
448750
448748
454603
329978
366190
279553
424645
606542
832871
757225
577698
467209
449248
349597
590258
294136
542380
454364
294315
348644
294195
1288559
448231
757213
901533
444499
376796
366568
454284
542381
757221
454402
1303141
1288558
454604
329979
462836
349639
366197
366193
757220
757212
294323
576576
376795
894358
894357
1303139
366199
366198
814969
348645
294196
362833
454605
483859
894359
483210
576577
803300
798719
949928
366200
349643
419550
376797
455603
757217
457155
347185
371063
349710
349598
366523
294163
577731
376798
711205
348646
757216
577697
498504
455612
1140444
349641
577735
577732
629287
424646
349652
798720
485503
453902
349658
756166
366524
704957
577733
448754
756164
457151
376799
891364
280043
831316
828674
457631
756165
1376705
757187
891365
1197999
350495
1338127
325491
1303138
1320182
366192
891363
1197998
1197997
424660
335362
349659
449305
348450
457152
757219
1035833
1035832
457156
577734
1197996
1376704
366188
483999
294435
294125
498503
457153
757218
294138
346107
1320181
366189
757207
1140360
1376703
449306
348451
349644
567958
600453
535556
889430
361180
363189
424661
757211
757210
757206
365629
376800
449243
349599
710312
1140446
1301051
280044
280032
455803
535557
757209
1348853
448759
363190
757205
757201
293950
1143986
564174
365398
455611
457157
1163759
559996
449425
629286
349651
349642
350509
1255110
376764
365456
449246
366106
559993
535558
350515
756163
404113
330557
419549
448758
448757
568810
1129491
888428
490152
712088
460482
449426
1320180
757204
757184
366579
1255109
578019
535559
450820
757186
294316
510473
363402
349645
361181
363183
330558
349656
349600
365457
712089
460976
460483
365401
407834
757183
301710
535561
510472
361718
362840
1220343
578020
510475
510474
366095
460977
450821
350518
523995
365625
1394839
363184
1348852
365623
529757
528673
366239
510012
464851
506551
483213
348647
371709
449247
349657
363403
578023
450883
1320189
350453
364930
490398
455804
350510
1255108
510476
535560
792876
822701
460496
822702
350519
1140445
280052
280039
280035
280033
1143985
578024
365624
757035
330552
366091
1320178
464852
444501
294134
294128
349637
458480
455805
363542
449249
361182
365631
465452
567977
363406
301711
1254999
451067
493907
493906
490401
490399
1156610
564173
350455
757034
457260
365436
460497
1320187
1320179
1150748
829259
823291
483212
279892
350456
350454
757185
404900
711588
350522
350517
831479
490400
280036
280029
513540
362271
831452
578037
1320188
1220342
1156609
507368
308332
468778
364611
366129
1215714
1254998
1180245
528116
529756
455625
757188
1321688
820658
820052
1320177
517575
455421
493908
419548
457261
444343
578021
455626
365592
510477
568805
902485
365824
365395
757196
365434
350508
294132
1321687
1198011
510478
363113
1320176
1318609
468776
578022
458479
450187
361209
280042
280040
280037
280034
280028
449304
973354
294129
1198010
1198009
330770
577723
444344
1033021
1215713
1140468
575324
573584
498541
349595
349655
1198008
363541
510471
572108
820664
486339
366191
757177
525712
349808
365640
1318608
1318607
1318606
1318598
1338128
559837
1215712
1074961
757178
757176
1177594
407835
348429
577724
1074962
376770
600639
714260
757175
451068
350511
293864
1318605
1318597
559836
330771
1033022
366187
350516
294131
294124
1338126
424647
828711
349648
1020117
405695
449268
453438
568806
280053
280045
280041
280038
280030
606545
714265
294135
591388
560011
449208
577722
366184
845138
560069
577725
606549
606547
490402
350507
308333
455350
1318604
568807
350512
293868
578036
832089
1140467
1140466
591389
591215
455399
606552
606546
518271
455351
560070
468708
1177593
633391
349636
349626
712111
524425
468779
788068
571729
1140465
1135062
349649
606548
606529
365651
591390
455353
349809
458714
444502
708638
525834
455813
524426
606551
458481
1140464
1320186
1320185
365646
820654
465435
364307
600455
646228
361231
280046
453830
455352
465436
1150747
424648
361250
453690
453687
350505
1336855
1135061
349627
564562
525835
362305
465441
597788
365647
757180
449269
844281
1320171
1320169
350513
366185
820050
820049
800158
799129
486528
468824
468807
468780
294314
1155477
646225
294338
606527
1336854
757179
669657
349807
568808
568803
832893
293869
1155476
454271
606526
564555
350502
350497
522275
424662
424649
1320184
1320168
468777
847054
564674
646226
556828
465439
350514
1402613
366186
349653
530901
530900
365616
487033
483209
467207
449270
1150746
847801
280048
600638
589240
712110
639502
587186
366183
568804
820051
804934
803363
803351
468825
348455
792158
293886
350146
465440
669658
600457
463818
1320167
455442
530902
589242
457243
606539
564675
464853
458724
462833
669659
1155480
1150745
465437
600458
589241
606528
428709
1155479
349647
847802
349638
1020118
606553
606550
1163715
350498
549914
600459
464854
447343
453434
567951
1320183
1150744
361179
606554
820663
799131
606540
820655
424650
577727
280047
582903
522706
831235
600460
1322176
453744
606544
606541
349681
549915
366324
564561
564556
462835
453436
844434
757033
1155478
1316551
371076
364308
350147
458723
577728
587953
365912
366325
820668
820055
804935
800159
799132
1214997
455400
567976
1225463
1150743
567962
589243
453689
828800
823288
646224
556827
519930
780828
468775
307048
347344
366326
366353
364959
294120
346078
280055
280050
280049
365064
600456
1181079
294133
280027
1402614
562536
366580
828801
823289
460498
838458
462834
820048
522707
497976
424663
424651
366581
564558
453793
664537
519931
519019
519011
518203
456067
838459
349682
349654
587954
1353448
1150742
365065
1276827
1076397
366583
293946
587185
603759
808068
448752
349650
1225454
669656
294339
757260
541897
330550
813929
782881
1376707
829928
519932
709375
453794
371327
449176
1214996
371566
1143983
366585
820660
820053
486522
347856
390298
365630
1310089
1150741
1068325
348448
417878
465449
606543
1153349
275910
915094
591322
908027
823290
820038
705115
1143982
1143981
1068324
269089
371075
591323
711576
710313
449177
568801
712087
1322180
363522
330551
1338154
362956
325395
832988
453692
350503
1143980
459975
457249
1294543
347343
465448
424664
366228
780830
507813
507383
468822
394292
714751
577726
457237
1276520
454082
1133514
911298
1338152
465450
1322179
1143984
1322113
453435
1276519
448401
1294544
465451
350452
366582
714752
705116
820665
567982
1276518
517471
564559
461488
