353717
1406469
1406468
1406467
1406466
353826
353851
353850
353779
353942
353943
1325289
353789
779326
779948
779949
473713
388085
388084
353801
353771
779324
353790
388087
388086
353798
353792
353791
353799
353780
353773
513452
353764
784757
779325
522181
508676
353783
353782
353759
353796
353794
353793
353802
353774
353763
353762
513453
353781
527944
522182
513469
353842
353827
779323
353817
353800
353776
353772
831978
781715
513455
353765
513470
513465
353803
831981
831902
513454
832001
831957
831956
522183
779329
513456
353804
831958
822062
522185
522184
353816
353797
353795
353838
353777
519877
832002
831916
838626
837220
353778
784759
831977
831901
405465
538031
353761
353755
405466
353775
353784
353841
513471
388091
513457
353785
353760
353770
806104
784758
513458
508922
353819
353786
354172
388092
513459
806229
519796
485620
779950
353818
955405
806139
519814
353757
353768
353769
508923
508941
353870
508714
353758
508921
806716
1325288
1406447
513472
508924
515687
353945
806713
353964
806738
806714
353718
353716
353753
353766
955406
806715
353719
353738
951873
806779
779328
513473
353756
353767
353739
832878
832877
806772
353737
527943
513467
832879
353948
513468
965197
948934
838627
837657
787405
787043
785074
515186
513460
353788
505239
485618
353912
832880
965198
353740
838625
837658
809602
831980
513462
513461
965199
838628
832802
831959
513466
485617
779327
951074
950975
353910
353852
353923
353750
353808
951073
954192
513463
473714
353810
353809
353849
353811
519919
513482
951075
473715
353807
831979
830555
353976
514587
513464
353812
353748
519815
960837
409637
409636
519816
353813
353749
544976
514588
513484
353911
798839
513491
353754
354068
409638
798840
353860
354117
354116
353866
1406446
1376056
514589
354066
961786
354118
353859
353965
1406448
514590
354048
354067
353722
971222
354115
519929
515647
366828
1406445
354035
353915
961787
798841
366831
354017
954765
353747
1373964
353997
353949
353916
1376055
961790
961766
393170
354114
354020
1373963
1376054
514591
354034
393171
388088
353944
366829
354021
544977
514592
405467
405469
388089
951874
353751
366830
959086
354113
354016
353909
1406459
354171
1337808
1073153
962381
405470
965204
353941
908937
908904
963216
1406458
1406457
1399439
353720
354033
405468
905267
354018
963217
353908
538032
1376053
353721
354051
1073154
513486
524282
1064658
908905
1276479
544978
538035
538033
353873
354156
513487
513485
405471
353984
354032
969691
353839
1376052
954194
388090
353871
513488
492426
354049
353960
353840
353806
354019
353940
353805
905266
354030
354024
353872
492428
414932
354060
354050
353961
915507
914449
524283
354031
1064659
492421
467179
354293
353975
354065
513499
492427
524284
492422
1064660
970025
353939
970965
538034
353746
353874
954193
783014
783013
353752
700609
354064
414931
354058
799921
1064661
353857
783015
366832
424697
513498
353830
492423
970967
905268
354388
366833
424698
353989
700607
354093
353983
353977
606909
1337807
354157
353854
353853
519923
431793
513475
353862
970966
353858
606908
973163
1283049
1245719
485732
393174
354112
353855
353906
515648
431794
354008
354007
513476
606910
353982
354042
530101
393175
353856
954195
607731
354097
354009
353990
607726
519924
519884
824679
711236
606911
353968
1238725
1164284
530102
529437
522193
353953
353951
353950
353715
353713
700610
538036
353985
705476
552921
354006
354005
353896
353917
552919
353861
530104
353969
1238724
1164283
1164282
353913
524281
522194
353999
353958
353954
353952
954232
807692
353991
1395464
607730
353907
519883
607725
530725
527945
526562
523992
523363
500279
354045
518137
1325274
552920
529287
513497
388373
353966
353963
353957
353955
353712
354159
971223
787521
785682
530726
523993
513477
482696
353897
1074456
518138
515691
354044
530105
354190
530103
522195
473716
354025
353967
353959
353956
353946
354154
354158
785683
505237
353900
526561
578866
509535
513483
1406456
794071
473719
354160
353962
353947
353875
354463
799507
787522
519166
505238
353901
809780
809254
1074455
509536
1406455
529438
528848
607729
353745
354022
785684
701758
353903
509537
578865
524286
514585
809826
607732
524279
850908
353869
850907
785447
710153
702589
701759
517824
510635
500285
500284
499865
492424
353904
353902
1073157
354003
809770
354465
848420
530106
354041
607733
562723
607728
701600
1225089
786974
708965
706267
705477
701760
531071
527578
527548
527456
527450
510667
510636
509085
500287
500286
529289
515781
809771
354466
524285
800828
701601
353918
814391
806037
513478
510637
354004
801234
509642
500283
492419
809772
530107
514586
700608
562722
529580
517826
354059
353879
705478
531577
519990
492425
712621
500282
1294532
529288
528199
355097
831937
513474
524280
354036
509534
353882
353880
517825
712622
509538
353899
428964
528849
516087
353981
354040
501226
501225
488803
353884
353883
353881
515688
492420
353888
518136
500281
513480
354193
528847
528601
353711
800463
522186
501405
492418
353885
354043
542150
473718
354196
711238
513481
354100
354000
500280
607431
353667
890041
709316
354191
354099
901644
800464
501406
353887
354095
971267
1073158
1066253
1066248
607727
354102
354101
518135
1376865
890042
709317
354192
526032
501228
353886
533090
973628
1066249
515689
529439
354194
354103
353847
712620
712596
711237
832782
436518
417522
353998
501227
354094
1073159
533089
353889
529440
354195
890043
709340
436519
354108
607432
832781
901643
501229
1066250
354013
535987
354092
1399437
353824
658213
354061
780228
353890
1073156
409621
954552
354197
509463
1063059
901645
781716
492436
1064389
1325287
529291
354062
353971
354023
1399436
529441
1020022
353892
1063060
781717
492437
658218
658212
658211
1398235
1063061
901646
1359860
1066252
1066251
1048660
353979
658217
529290
888361
353970
538037
901647
492438
966317
1048437
1275956
473717
1066254
1048661
353980
888362
528025
1020009
538038
1393845
658208
1406394
354176
1359859
1359858
1048438
1066255
658209
607427
1406393
492435
354177
1066256
1065353
1148275
354105
354390
658210
954553
354575
607430
1389455
1379954
607428
711242
707714
527549
524288
1043543
354106
353972
1338259
354104
353891
1029283
1066261
1379953
708966
704269
527551
527550
519295
519167
354184
354236
354283
353973
538039
353978
1064390
1325278
833501
820223
785698
785686
785685
712624
708969
708968
708967
704272
704270
527552
519296
354185
1043544
607429
355101
500278
353905
632665
538025
354472
1325277
833502
820224
814704
787525
787357
711243
708970
531553
527946
519298
519297
354186
415359
354181
1066257
353898
538026
354107
528852
1020008
1275872
353714
837221
530115
966318
833503
787569
785694
785688
785687
519366
519340
519299
482698
482697
1073508
820222
712623
531578
519293
354183
1077914
535356
500277
415274
669633
1361377
354237
966319
850909
787570
785699
712456
711244
708971
704271
531580
519991
1043545
787568
787356
519294
519244
519242
896174
787524
415275
1335467
969841
969394
969393
1066274
896854
528851
354238
1390464
850910
787571
787551
787358
786735
785695
353707
906207
787558
531567
530950
354182
530114
519288
969842
969395
1073155
492417
1389454
1390463
850911
524289
845363
787327
787326
1276922
971268
971226
906208
787550
531579
530951
519292
1335468
711241
354225
705768
501232
800833
399002
353787
896853
524290
1294531
971227
1077912
531639
531566
530959
530957
530949
519289
354226
501233
1353586
1275955
353876
888733
535357
354239
1020555
524291
530116
1406454
971269
839311
1077917
896175
1397617
711235
354235
390200
354578
896855
888363
354240
1020556
787549
787523
353877
353742
969843
1077913
485619
354046
354378
354278
1164332
390201
1284729
1275871
1275870
815639
353914
519287
353878
468735
355102
353743
354047
1371000
530617
405462
354279
839310
390208
390202
354234
1356237
888735
355103
353741
971228
509462
902549
1164331
390209
1066275
1356236
353706
1164328
1024462
355104
896177
896176
902551
902550
390210
390205
1066276
353831
353704
535358
354119
1397616
1370999
896179
1077915
1073509
353994
390211
390203
354038
1164329
353705
1123813
354057
1073510
390207
519243
354039
1164330
1164327
969846
895118
354037
354056
353995
354096
1342303
390212
390206
353724
607433
353992
353723
519241
1164326
969847
526033
1020560
1123812
354052
418857
1199567
1337911
815640
354063
1372008
353986
526034
428972
720132
354922
1161003
354001
353996
354201
1064766
1199566
896856
417574
354919
1317453
353993
851588
896178
526120
526035
501230
428973
353987
354398
1077916
1161002
354002
801206
1406434
1337910
969848
896857
706270
969844
519286
515690
510668
501231
354175
353837
353988
354399
405463
468736
1073996
1161005
706271
354389
969845
526036
354918
354577
354923
1020561
1164218
747281
1161004
801205
901562
419464
1372007
1369730
1123809
531614
519290
515153
1077918
1191647
971288
1020557
399001
390204
354920
1369909
1259543
415360
1369729
1073995
538040
405464
354376
519291
1077919
509465
1020562
1199565
354921
1078425
1020018
354782
1123810
787567
531615
354054
1404182
1259545
354377
1259541
837222
1123811
1404181
1325276
812422
354055
1259542
1196557
1073515
1369728
727431
353867
776797
768018
1405299
1259544
541498
908980
354109
1245722
632279
417590
768017
1398875
1148274
898670
1229969
1020010
1397615
1369727
417591
353823
354098
1073513
1404185
1261087
354029
1161001
1199564
474667
417577
541497
1294552
768016
768014
1400206
1364602
474660
418858
1020012
508942
1035581
509464
1369726
1406464
354110
1245721
1199563
1199562
474668
522205
354533
354123
1294553
768013
354053
1073514
898669
1369725
1404184
658222
1406463
1175788
354111
1245720
1105717
768015
1397614
1378817
354244
1261102
418860
1398872
1020011
474662
1261044
1378815
1378814
912830
684129
474661
414527
1035582
1261101
1261099
1261098
1398874
1398871
474663
414533
658221
971150
353868
468737
354917
1357690
419724
684130
557515
418861
1404183
1261100
1398873
1020017
541496
414534
1187148
513594
468738
908207
1164215
1389993
915011
541499
831961
414535
509495
513596
354124
1379235
1325268
417572
417570
1401666
1164214
1058591
1389992
915012
557514
354245
971283
658224
474664
414536
354122
1378816
417573
354464
552922
533092
418859
353974
1257499
1406461
1398870
1164217
971289
1020558
831962
417571
658225
474665
1240551
1406444
1400205
1378819
1378818
1325267
684131
632666
1075629
522323
1406462
1398869
1164216
354028
399005
658219
658227
1258787
1400204
1325266
658223
354120
1257493
474666
1240550
1077910
1400203
1325265
1282416
530111
528360
1257498
1075628
658220
658228
1277379
1106041
474669
1257497
1175053
1406443
1400202
1276825
399004
658229
888734
528361
530112
354174
1406460
1257496
1175052
1174246
546993
1406442
1261115
1240684
1064764
658230
606912
553452
1075630
1294126
1075646
1073922
1077920
1283093
1174248
546994
417576
1261035
418867
1065660
1064902
1064765
606913
1075631
1257882
1257881
1179093
1075647
399003
543558
713097
530113
658226
1229968
1174247
1077911
561864
1257880
1257879
1257878
1393828
1174245
417575
1257877
806309
806308
1336256
775811
358443
1164287
1261034
354125
1065661
1064903
1257876
1257495
1020559
775960
775959
1361394
418862
1281048
1164286
1282415
1065662
561863
1078424
1325259
1257494
514600
1079498
1397540
775958
1360186
353825
1393827
1281047
1164285
1261113
1261112
1064767
658233
698467
1397539
1302887
1319512
747274
418864
1393826
1325272
1261114
1261111
672302
517454
514922
354121
1179092
492433
561865
474716
1360185
1360183
354916
354470
557517
1261085
1320388
1261121
1179091
353744
618838
492434
1318259
474717
1361395
1360182
1020833
561866
1261120
1063399
1261086
1179090
698466
1175054
1320390
561862
1360184
418863
1020834
557518
1261084
1255817
626068
1063400
1179088
354469
747275
1261096
1261083
1179089
1320389
1361393
1020835
418865
787573
533091
626072
1261116
711371
472465
1261082
1174252
1397084
474718
1337909
1258456
626073
971151
562727
472466
557516
1174253
1343997
1342316
1161319
354069
1337908
1258455
1261110
1257875
1248844
448048
971215
1020014
1020013
420113
513479
353919
354070
414442
354204
1341122
1293350
1257874
1077924
658237
354027
614685
513595
1063401
1020015
353710
1261107
1362695
430054
1342302
562726
474714
420112
414443
352652
1248843
354205
1077925
424699
602198
1261106
1362696
1048769
1320387
448049
474715
414444
354396
1261095
1255814
1261105
562724
1077926
672303
658234
1341820
1320386
354026
448050
418866
672299
846559
415381
354397
436517
1261109
1255813
354077
1161985
1161984
626074
562725
1164213
1020016
1233893
1179087
1352446
1397083
1362697
1077922
969374
354173
1255816
614656
747276
1161983
1364601
1333229
1293343
1221255
1362698
353275
353274
1338287
658232
1261104
1255815
448051
448047
614687
528362
1075632
1341819
1333228
1221254
1338286
1384875
1325281
353814
1179086
1364600
658231
1357676
1261103
556151
1325280
658243
1364599
354450
614686
353815
1169933
1164325
474719
556536
658235
673867
602199
1341818
1179085
1348248
1111651
468267
1164324
767206
809966
809962
1324242
1077921
1123808
673868
1169894
1111650
1174251
658242
1164289
714050
602197
767205
353708
607434
354449
1031506
1325279
1323233
1261108
658236
969694
1323231
1123804
1168382
1168375
1233890
1164290
714051
672319
1323232
1123805
912333
1111649
354189
1324241
1181922
1031507
658239
1123806
912336
912334
1344476
1168373
1233892
1261119
1181921
1347178
1261072
912335
1323230
1301071
1075634
1181920
1261118
1161982
513868
1261071
1123807
492440
1031508
554086
1168381
1168372
572327
1261117
1233891
658238
1123803
1181919
1123801
1364598
353709
1168374
1283092
1277022
1277017
1190115
969695
1077923
1075635
1406451
1149317
1185925
1168371
1168370
1164301
572328
1190114
418871
1123802
969696
554087
1075633
556154
1198750
855926
1185924
492441
633383
1296907
788487
1276826
1276824
1276819
969698
1132178
672304
767204
1406450
576563
1337806
1185926
492442
1132176
633384
1242740
515730
969697
915084
1248400
1368321
673338
672311
672305
1182136
1399438
463512
1294940
1242744
1179084
674674
542294
672306
405472
1294941
1186367
1175051
1168400
788488
515731
1169459
1204292
1204291
388103
542295
366844
492496
1159614
576517
572504
1377121
1185923
572329
1175050
528026
1132177
515732
542296
1169458
1150315
810389
658241
388104
1248399
1185922
572330
1168399
1132175
673955
1297844
1179083
658251
1204290
1198747
1261090
1150179
1347227
969692
1169462
1248398
1169457
405538
1242739
513593
1174249
1164265
485735
569877
569876
1347229
1347228
1149197
436520
354394
974626
1377120
1198749
1198748
1171965
1169463
1169461
354076
405539
1294942
1261045
658240
388102
698465
1261089
366845
673954
569878
672301
436521
354155
1260362
485733
1179082
1111648
366890
1169460
1398868
698462
672312
1257063
850912
672307
354557
405540
