1122112
1122111
1122527
1365204
1096878
1096882
1096881
1096880
1096879
676261
1108351
676260
1108350
679101
1108349
676259
676076
676075
676078
676074
676077
1122523
1286559
1122530
1286558
1380493
1380494
1033623
651648
1380495
1122529
812199
812118
812121
812179
812117
812119
812192
812187
655853
812186
812120
651647
655852
651646
732868
732867
1122528
1068338
656107
656106
656105
656104
1060733
656103
656102
1060732
1060729
1060731
1333449
1365052
1333448
1060730
1365051
1122526
1122524
1365056
1365053
1122525
812194
652937
971620
812193
971619
652936
1365055
1365054
1067816
1209306
812195
812198
1352011
1112878
1393133
1393131
1122588
1393130
1280866
1393129
1122587
1118710
1393128
1393127
1393132
1280867
1280869
1280840
643293
965818
1122589
965817
643292
643291
1112877
643290
643289
1122586
1280838
1120764
1339519
1118709
651642
716727
1280868
1280865
1280837
1352012
812197
812196
1047685
1118708
1112751
853125
853124
853126
853123
651641
1122507
732866
732865
812191
651640
732864
812190
1348281
1118707
1122508
651639
1354722
1112190
817530
853122
1280839
1067828
841993
543761
1112876
1307342
1112750
652938
812227
739094
740181
1380492
1112749
817526
739093
812226
817525
1067827
817529
1112875
817528
817527
740180
1280836
740179
739337
817524
739335
817522
739334
739318
817509
740178
971618
817521
740177
1112874
1112744
740036
739107
740038
817507
1112742
739106
817508
740037
739105
740035
739104
740034
1112743
1122590
651560
1112746
817506
1379618
732863
732862
1379617
651562
732861
651561
1379614
740195
1379615
1122052
1354340
740197
1379616
740194
740187
740149
740201
740200
740196
1298601
1287112
740199
817523
718626
740186
740264
740176
1122506
740175
740183
740185
957863
738263
957862
1122505
739108
740148
957861
740184
740147
957860
740146
694110
694111
1122105
693899
816673
1122104
1278050
1278028
740174
1278049
812184
812253
812250
812183
739242
1122103
1112745
816672
812182
740240
812249
816671
1112747
680800
1081457
812180
1112748
1081458
718625
901313
740279
1081443
901312
1081444
740234
740278
740233
740232
718627
718624
740265
740033
901314
740275
740231
694112
680875
740277
740230
1205875
740266
740268
901310
740239
817532
740267
740238
740237
1092338
740039
740276
817531
680874
740236
1081447
740032
817512
740227
740235
727582
817511
740226
740137
1092337
740040
740220
812114
727583
817520
740229
740228
740219
740218
740208
817510
812113
740135
817519
1081446
738428
727581
738425
740134
740193
680802
740136
1081445
680803
1122504
738427
738426
738424
740192
738420
680801
817518
1122503
740190
740188
1356963
740212
740225
740211
740210
740189
740224
740223
740221
716716
740150
817447
740222
716715
738817
716712
740191
738816
1365150
812181
1365149
716714
812115
716713
901294
1081404
1081398
1209101
1081403
739218
693898
1067804
1278025
1278026
816670
816668
901291
1123199
652084
1122467
1123198
1379619
1122468
665653
1379620
693101
740162
1306254
665831
1379621
665828
665652
1081416
1365151
693100
693097
665830
665827
1122176
665829
740217
740216
1205904
665826
1122175
1122174
1081415
740215
740214
1306253
1290703
665651
1290705
1290704
740213
1080610
1278024
665485
735600
1278027
1112501
1205906
1080585
1081400
1205905
908414
908413
1112500
1081402
1122466
1092336
716510
908412
1092342
1081399
812200
1306255
796323
1092335
1081401
653278
1092334
770484
665825
901311
735599
1122484
1122485
1092340
740000
1067803
665824
1092339
665837
1067802
1122475
735598
735597
1122481
770482
735596
1122483
770481
738423
1092341
738422
750709
665810
665823
665809
750708
1081448
1122476
1355998
1119706
735595
739999
665817
652079
915943
665484
750711
735594
770485
651147
770476
1119705
665816
750710
1372384
1122479
665483
738421
1119646
652080
665822
1122502
1119707
1122173
1372385
665815
693094
1372383
915942
668952
665833
1372386
693093
1119704
727580
770483
1122482
693095
1067832
1119699
1067831
1119703
1119702
1081406
1122480
665821
1122478
1081703
1092333
856468
770480
1119701
1119698
1119708
1119709
1081405
770478
1076701
693098
1119694
1122474
1119697
1122477
693099
915971
770477
1365029
796331
1067830
915970
770407
770479
974157
740207
1119693
1348533
740198
1122473
1122472
1122471
1348534
1122500
796330
1348535
693096
1348536
1119689
1068876
1067829
1122470
1347277
1122501
1122499
812189
1081414
1068875
1119700
734745
1068874
750706
1122498
1068873
1122469
680879
796332
796327
740182
750707
1347278
853079
812252
652314
899127
812251
652313
1393075
1081456
734746
1033664
664502
664505
664497
1372590
664504
680878
680892
664503
664501
680895
1393076
1033665
680804
1112851
652668
1119691
680877
1112852
652667
652598
680891
1112853
643027
680881
1033667
1033666
680894
652670
652599
652597
664451
739217
680871
652666
680870
652724
652707
1119690
680876
652706
1119692
680882
652594
652705
734750
734749
841579
664450
652593
652704
664512
664449
652726
680893
652703
734748
664511
1307539
668951
652725
1122454
1122453
734747
1123065
680843
841578
680896
841577
1123067
1123066
668950
680880
652720
652596
717219
668949
795131
664513
643028
652595
652592
664510
664515
664508
664500
1067912
1095547
652664
652591
652665
1122452
1043972
1307538
1123069
1095549
664507
680873
664509
1044010
664514
643026
1307540
679112
740928
679116
1124171
1109794
1109780
664495
853404
974154
1109779
959439
738417
1068340
738419
1119620
669147
679115
740927
738418
959440
664499
1068339
974152
1044009
740926
1095548
1043971
664498
652660
679967
652663
652662
652661
770577
679968
652659
652658
652729
1119696
643029
853144
679113
795109
652728
1043973
974153
679966
643111
679114
652786
652727
652708
974151
643030
1119695
651672
651665
652785
738372
1119717
1119716
652784
1280863
651677
1119720
1119718
1123068
1280864
651674
716511
651676
693888
853394
651673
651675
1119719
795134
665835
1123064
665832
723126
795133
740153
716514
716513
717218
664496
651678
717217
1119715
716512
723127
652723
652722
652721
1365027
649729
641345
1365028
649728
649727
651683
740152
1382226
652719
651682
740151
680890
680889
643093
770603
1382224
643092
643090
679468
1382225
680866
641344
664396
643091
651652
1119639
680867
744150
651651
739216
680884
664395
651622
651667
651666
651659
680869
680888
738591
898873
1120706
651650
651687
643094
651617
651671
651668
1112850
680872
419369
739215
651670
651669
680859
795135
795130
680848
723125
680850
680849
665836
643112
680868
434850
651616
1119638
1278037
1067811
679469
742794
1278040
739214
680858
651621
651615
650002
1278041
1067808
732827
650001
739213
651664
1120705
651618
1278036
739212
651620
651663
643088
1067810
651619
732826
680856
680854
1067809
770582
680857
915945
651662
650000
716529
1278039
680847
665834
739997
680863
680852
739996
651661
649104
679120
1119637
680864
680853
651660
680865
680855
649105
651649
1278038
680861
740274
680862
680834
680851
740161
740163
679119
732825
1278043
1278045
770579
680883
854383
651690
680886
651689
1278044
679107
664401
664519
740273
740271
664399
740164
643043
680833
1290702
739271
643038
643042
680885
679118
739270
651624
679106
737018
643041
812204
651623
680887
675415
1290700
643040
738590
651658
664400
1290701
739269
680832
1278048
1122654
651656
664444
679117
651655
812205
737015
651654
770607
1122172
679110
651657
770617
770606
737017
737016
737014
812207
1278047
741431
741430
651653
1122132
740270
770578
854384
737013
669148
812206
643039
643032
1122130
740272
642793
741429
669146
770608
664443
740269
643031
853393
739998
1278046
1123103
679109
679108
1122131
664442
1122135
795132
770492
664441
651688
643068
643114
643067
740160
1122171
664518
643121
664517
740159
643037
643123
1124176
1122134
770580
739995
643122
643103
1124174
643101
741436
737012
643116
643100
1122133
770581
740003
738820
664394
741435
1081434
643115
737011
812209
664393
643102
1124179
664392
643124
643118
1096886
643072
679102
1096754
643117
643113
419337
723302
738823
1096887
812208
1096623
1081428
1124175
434848
1280818
1123070
1096755
643125
742793
742792
643036
1124180
1124178
1124177
1096624
419336
1124181
1096883
1096622
434849
741437
643047
1123071
643035
812203
679471
643077
643046
770576
770494
1081427
679103
643119
643034
1122170
643066
679104
1096621
1096620
419368
741434
741433
741424
419363
1081426
770567
1124184
770574
1097755
741432
741417
1096892
1122250
1122249
1081425
643129
643126
643120
1122458
651151
1124163
643075
1096619
915965
651149
1122463
434572
643128
643110
643107
651148
643127
643133
1097754
738822
643109
643106
643033
770495
1124183
1124182
1122243
1081433
643132
1096891
652292
651154
651150
738821
770575
547950
419367
643105
1122248
419366
816679
1081429
679470
770493
643131
643108
1096893
816678
1124185
1124162
1096138
1122462
738371
1096890
742820
1067780
816677
547951
819072
1081424
1081702
816676
419365
643130
643099
643076
1123208
1080894
1033545
643098
643097
643081
643074
1096088
643089
1033544
1033543
819071
642696
1122461
643048
643058
1081431
643096
643087
643080
643079
643078
643073
419364
643053
732824
796324
643045
643057
643104
643095
643086
816675
1081432
643052
642896
643044
1080579
643071
659376
1096626
1096618
659375
1047690
732823
642898
1122460
812225
740002
434571
434570
651153
651589
1122465
856466
816674
740001
651587
1096606
743242
651586
965821
652076
643056
643059
642697
1122457
771465
817380
735590
1033747
1096625
1096617
1033746
434569
434568
1096608
651152
1033745
1096590
1096589
1096884
651588
817379
735589
1047688
1096581
1096605
652075
1122455
741425
643084
643083
1096885
684115
1122459
1122456
770572
659374
735588
1080580
1122464
1081420
770566
796326
1096580
727418
652083
796325
853084
652082
652077
1096889
854382
679111
1096582
643085
727419
652081
652074
1096591
651695
770573
770571
854381
716481
652078
659373
1047689
853083
716480
716479
1393410
643082
770570
659372
741423
770569
1081423
1080605
1047687
680835
1096632
651693
1047686
740168
1096587
651692
1080608
770564
770563
1096604
1393411
1096585
736428
743238
741422
651691
680831
1096603
1096609
1096583
743237
853220
736427
740167
643297
664397
1081430
853082
716730
1096888
770503
736426
643275
740166
741427
1080607
770565
1096610
651694
741438
1096611
853081
853080
853072
1096602
1096601
741426
853070
746554
434567
740165
680830
1081742
643063
1347630
1080606
1096607
856467
643065
643064
643062
1096588
1080578
853071
1081701
732828
643070
643061
643060
434566
1119684
642704
651592
1081741
736425
1119685
643069
642897
642702
664364
746556
664363
965820
740138
642698
664398
965819
770473
1125330
642703
1081451
746553
1119682
1348678
1081455
651591
741421
1119683
1081452
1081450
651590
679105
740030
1081449
651558
642895
741420
1096635
1122377
664391
664362
1119687
1096564
1096636
652600
771464
740144
1081454
1096586
1096584
1363503
1347657
653122
853893
915969
651633
652671
652601
651630
1119681
653125
653121
653120
680829
1122497
740145
1122114
1122113
915968
741419
651629
771462
1122118
1096565
915967
651583
743235
1347655
746231
664494
741418
743240
853398
1080609
664493
743239
1080617
1080616
770604
651557
1119645
746644
1347656
1347663
1119680
853397
1096639
1067914
1048945
740031
723299
652669
651173
651171
1080618
1347654
746555
1096634
1096633
743236
1122119
1122117
651172
651170
651168
1119688
1033768
651582
1119686
1081421
1119642
1033767
1033766
1347662
642700
1096638
651628
740029
651169
1119644
1119643
1033765
651432
771463
770605
651627
1122115
1081422
812185
651626
1122116
642701
1119710
1209315
651625
651167
642699
1122376
651556
1080615
1209317
651585
642904
1209318
651584
642903
651631
643022
1096596
1119647
740155
1080614
651555
651431
651645
740154
651644
651430
1347643
1067517
1067516
1347637
716509
680860
1080896
1088367
643021
1347649
1347640
1080577
716508
1347636
664537
1122375
680840
651643
743234
742791
1298057
735587
746646
1347644
1067515
738819
1347641
1096631
1119610
642708
665482
642707
1080893
1347642
1347638
915846
1067514
1347653
664854
651638
1096630
651637
651636
1080576
716505
1363508
664871
664853
664842
915845
1081453
795250
1347651
957406
1209316
1209295
643166
643165
740170
1122123
1096087
1347694
1290686
643164
795249
1363502
1347709
959453
1290687
651386
643156
1122126
1121724
746230
1278022
651635
1119619
1122125
740171
716496
1095134
1121717
1347652
1278042
1363507
1363506
650070
1095135
771099
680837
1121723
745671
1119618
771098
743241
1096568
1347650
1347693
1347692
1121716
1347639
1363505
664841
641343
1121718
1095133
724037
664533
664516
1121719
664530
664383
740172
1121720
745344
740173
1096567
641342
1347710
716497
641319
1347691
642966
651270
1068882
1119636
641341
816733
1363504
642965
740169
1070618
1068881
745345
746552
723300
716506
716728
1096614
717220
642797
642796
1347664
1122124
852507
642964
853410
641340
1068880
642942
716504
716478
1347689
1096566
853406
1294721
641321
642794
771065
1363475
746557
716489
1080895
853405
664382
653103
716472
1036823
716477
1208863
1119635
746551
841692
1096613
771097
1294723
1096637
716471
716985
716507
1096750
651634
664843
1294722
716499
1347690
1363479
680838
664528
841691
565468
565466
716470
680839
1097803
1097753
1122102
664506
1121715
1347631
1278035
716494
565467
1294720
742815
1347618
853396
565465
664527
770591
716485
1347659
1347658
1122608
1347648
1347617
1332715
680836
664526
664525
1122496
742816
1278034
716484
1078762
853395
664529
770590
1296140
716498
1347665
657423
1121714
742813
716495
1341351
1363477
716986
1296155
770596
643055
742819
1078765
1347619
1096595
1121734
1122607
1347666
1122494
1347660
676080
643054
641320
770597
676081
716483
1123542
1119634
642795
1278023
1123543
716482
1363476
1347661
770583
716493
1096600
716492
1122495
1347621
716476
716475
643023
676079
673537
770592
1121797
1122606
641346
716474
1033751
742908
1123541
643020
1121874
676082
673538
1347620
737009
1298056
676083
673541
673539
716469
657424
647813
647812
716528
1096599
1038556
737008
770589
770616
716490
647811
647810
1097798
1097757
1078761
770593
1121652
716468
716486
647809
1122121
742814
770594
1121738
1096593
1121780
642798
740285
642801
1121836
1121818
1121781
1121712
673540
716488
1122122
1347706
1347703
1108501
642723
1121857
1121837
1121819
1121783
1097799
1081826
742907
965826
651680
770586
1121650
716491
647503
647502
1121782
745346
1121804
1121710
1121709
1122120
642722
770595
1121651
1121648
651459
716487
647501
1121861
1121858
1108502
745385
1096592
1121795
1121711
1121687
770585
770584
1121600
1294724
1121885
1121862
1121859
1096594
1121778
1121657
740284
738383
738382
1121863
1121860
1347702
1347701
1347275
673542
1121777
642848
651566
853399
651679
1121967
771066
651564
651559
745347
673543
1121966
1121844
1121831
1121792
1121659
1121658
1286073
1121893
651565
770474
1121649
1121854
1121835
1121776
1121728
651681
742909
1121750
1121656
1121796
742903
1121894
651563
1121733
1121599
