652595
652596
652598
652597
853079
812251
812252
652313
652594
652314
652664
652591
652593
652592
652705
652704
652703
652670
652599
664444
1033664
1033665
652665
664451
664508
1067830
1068339
652707
664511
717219
652667
664515
664512
664449
664400
652706
652668
664507
652725
1068340
664495
664450
664514
652724
795131
664513
664509
1044009
652726
853144
664510
652708
795109
652786
652727
841579
652729
652666
652728
664519
652784
664401
841577
664399
652785
841578
652720
664442
1067829
651168
664443
664537
1044010
664500
853404
841691
652663
652662
853393
650001
664506
664441
652661
650002
795132
1067832
664518
652659
652658
1067831
664517
652660
650000
651167
1372590
915970
1112851
915971
653122
1393076
1112853
664498
1112852
653125
653121
653120
1348536
652722
649104
1348535
649105
652723
664499
853893
1348534
652600
652721
1348533
664501
1393075
853394
1119709
652719
652671
652601
795134
1119708
664502
664504
795133
717217
664505
974157
899127
664382
664503
717218
664496
1119717
1119716
853410
664533
664516
1119715
651659
853405
1033667
1033666
853406
664530
664383
853402
853401
841692
664497
816733
795135
795130
853403
651650
852945
664524
652669
651173
651171
1122485
717220
1124171
1122484
1122483
664522
664521
1112850
651172
651170
1365029
1122481
664523
664396
664454
1122475
664520
852944
959453
1119646
853396
1119706
664395
1119707
651687
1119705
664453
1119699
651169
853395
664529
1122482
651652
1119704
649729
1122480
1122479
651683
1119703
1119702
1119701
1119698
651651
664446
649728
649727
791496
957406
1122476
1119697
651431
664538
651665
1122478
1122477
1119694
915966
651430
664447
664546
1119700
1119693
651672
1122474
841698
791497
899125
1122473
1122472
1122471
651673
651682
716473
716461
1119620
1119691
651677
1365028
664528
1043973
651622
651675
651678
651674
1119689
1119690
899122
1365027
651676
652958
1122454
1122453
664448
664526
651617
1122470
651432
651667
1122452
1119720
1119718
1119692
974153
664527
1119719
1122469
974156
664534
651671
651668
664525
651666
651616
853407
651670
651669
651619
1043971
957408
853408
651620
1119696
974151
664466
1119695
853409
651459
664452
899129
664535
651621
957412
841699
841696
1067914
1048945
1119639
899123
1119638
841700
664473
664536
664489
1033767
1033766
664469
957417
651615
664474
664472
652014
651618
1119637
899128
1033768
795249
664470
1060547
664459
664491
664490
664476
1033765
664486
664471
664455
1060549
664475
651664
664492
915972
957411
664487
664458
664456
915973
664488
664457
664445
974152
795250
651663
812350
853411
853412
957409
957407
664532
1121105
1119710
812351
1122250
1122249
664485
650070
841697
1119610
812225
1122248
974154
1067912
664542
1122463
664547
1122243
664484
853413
664531
1122462
1122458
1043972
664544
1122465
1122461
974155
651623
1122460
659372
651624
1060548
1122464
659373
853314
1119688
664467
1122459
1122456
664468
1122457
1122455
1033751
957410
853399
664545
852942
853400
1122118
1119685
1122115
852973
664543
1122119
1122117
1122114
1122113
1119684
852943
1121102
1119645
1122116
1119682
659374
1119644
1119643
647520
1119683
915974
664540
1119642
647521
1119687
899126
664539
1122014
1119612
651689
1119681
1119611
651690
1119680
1067911
1122013
1121101
716776
651660
1333553
664541
651679
651661
652015
651662
1333555
1119686
1122204
1122202
1119647
1119619
1333554
1333552
716905
653098
651680
1122201
853246
1122012
1119618
816695
1365199
1333551
1333550
651681
1122203
853245
1333549
1119609
1122200
716906
652016
1365198
659375
653099
1067913
853244
853243
853242
1033763
659376
648275
648276
1122199
853285
648288
648283
1033764
680870
648277
648274
680877
648289
1333556
1119636
957418
648278
812224
1122016
853313
680876
680804
648290
1208863
1119635
1119608
1122015
1121104
651655
853312
680882
965815
651649
1119607
965816
1121103
651654
1119634
852978
651657
1286450
965813
853297
651653
1122468
645997
651150
645999
645998
1123972
693889
1122467
1122011
853310
1286449
957413
680881
1296619
693890
1122010
1122009
664397
690747
853311
1096887
651658
651588
1296618
915965
651656
651688
664398
853316
1112849
1096886
680880
679112
1123973
957415
651151
898873
1122008
1122466
651589
1119651
651148
1286453
1096883
1124176
680879
679116
1119650
651592
651149
852974
651587
1119641
1123971
1123970
680878
1119653
679115
853247
651583
1124175
1286448
1119711
653097
651586
690746
1119649
664363
680871
1124174
957414
1393250
1119648
1286451
664364
1119679
1119678
1119671
1393249
1393248
679114
1286452
680895
680894
853896
1124180
1119677
1119675
1119672
1119670
1119665
795128
1393247
651644
653109
680843
1096885
680893
680892
1119676
1119674
1119673
1119667
1124182
957416
745652
812164
1119652
653107
653106
745643
664379
1393246
651645
1124181
1124179
795125
651153
965814
680891
1121108
1119669
1119666
1119664
853288
853287
647880
745641
812165
664381
664380
1124184
1124178
1124177
679113
1096884
651643
651582
651591
664386
1119668
1119663
1119660
652963
1333583
853289
745766
745642
745639
1124183
789825
647879
679104
664387
1124163
680869
680868
652957
1119601
1119600
679103
853897
853070
746270
853286
1124185
1124162
1119654
1119599
651590
680896
841958
651558
853072
1119659
680867
853298
680873
745640
746269
1119658
1119657
789824
680866
1122263
1121397
745285
1119656
652964
853071
1121584
1121530
853295
853290
652966
680861
853315
1121396
1096890
1119655
652965
651152
1295119
680863
1285919
651695
1121404
1033745
1121395
648284
853299
680850
680849
1121585
680862
680884
1285920
1119598
1119597
1033746
648285
1119629
853300
680890
680889
680848
1119628
1091226
680865
1119596
1119595
1033747
1119588
1119587
853301
680888
680847
853294
1091230
680887
1122262
680864
1119594
1119593
1119591
1119586
853317
1121327
1096889
664391
1121547
1121464
1119592
1119590
1119589
1121648
746243
1119662
651693
1296737
680886
853296
1121734
1121540
1121599
1121598
1121348
1121347
746242
1119661
664362
1096891
1119627
651630
1121952
651629
680885
680883
1121738
1096888
1121652
1121600
1121463
1121358
1121350
1121597
1119585
852872
651154
1121394
853325
1121383
651638
1121872
1121376
1121557
1121497
1121660
1121605
1121731
1121651
1121349
679102
853330
853327
1298508
746142
651692
680872
1121896
1121382
853339
853326
651691
1121871
852875
1121556
651637
1121650
1121596
1121462
1121301
1121300
651694
853328
1121712
1121704
1121659
1121658
1121398
746141
1096893
1096892
674770
1121687
852873
651686
651685
1121894
1121381
1121817
1121317
745506
1121863
1121860
1121848
1121375
1121492
1121298
1121793
1121782
1121779
1121770
1121315
1121649
1121461
1121455
1296746
853329
1121703
680835
745905
674769
674766
852874
746099
1121895
1121893
1121890
1121967
1034241
745785
745505
1121862
1121859
1121847
1121374
1121326
1121729
1121555
1121554
1121552
1121309
651631
745783
1121867
1121783
1121776
1121728
1121316
1121314
1121730
1121460
1121401
651684
676276
1121657
674768
651636
746098
745737
1121882
1121878
1121378
1121329
673563
852980
745730
745501
1121969
1121968
1121870
1121864
1121861
1121858
1121856
1121855
1121846
1121841
1121373
1121325
1121323
1121321
1121733
1121561
1121560
1121553
1121551
1121271
653108
674804
1121966
1121875
1121866
1121792
1121789
1121781
1121763
1121737
1121727
1121569
1121543
1121459
1121456
1121438
1121437
1121431
1121400
1296745
676269
674783
1121823
1121711
1121689
853331
674767
745510
1121970
1121881
1121877
1121876
1121263
1118725
852981
745731
1121869
1121853
1121852
1121825
1121820
1121811
1121324
1121320
1295179
1285975
1121732
1121563
1121550
1121494
1121489
674803
1121791
1121787
1121784
1121780
1121777
1121762
1121726
1121546
1121545
1121542
1121458
1121436
1121435
1121433
1121399
1296739
1121710
1121709
1121702
1121690
1121688
1121655
651634
647878
647876
1121269
1121268
745915
745736
745507
1121971
1121897
1121892
1121885
1121884
1121880
1121380
673562
673560
1121668
1121665
1121566
1118724
745729
745608
745606
1121873
1121857
1121854
1121850
1121837
1121835
1121832
1121827
1121819
1121810
1121322
1121319
853340
1121562
1121559
1121549
1121493
1121491
1121490
1121484
1295180
745601
674802
1121790
1121788
1121785
1121778
1121775
1121769
1121766
1121752
1121725
1121691
1121567
1121313
1121544
1121541
1121457
1121432
1121430
1121355
1121352
676268
674788
674787
673668
673648
1121708
1121656
1121344
647877
651557
1121965
1121267
1121265
1112848
679967
745914
745787
745511
745509
1121891
1121883
1121879
1121328
1119640
674744
673561
673559
1121666
1121664
1121262
1307609
1121844
1121840
1121836
1121831
1121828
1121818
1121377
1121372
1121343
1121318
1121548
1121488
1121487
1121485
1121483
1121482
1121475
1121474
1121466
1121369
1118723
1092007
1121901
674801
1121795
1121786
1121774
1121765
1121751
1121745
1121504
1121311
1121351
1121200
679968
1365249
1121706
1121701
1121654
1121653
1121270
745904
745903
745495
745493
745491
745490
676265
657138
1121964
1121686
1121266
1121264
679966
745793
745792
745791
745733
745508
1121889
1121379
1121667
1121663
1121216
746089
745727
745607
745605
745500
745401
1307608
1122227
1121851
1121839
1121833
1121830
1121826
651635
1365248
1121662
1121558
1121486
1121481
1121473
1121465
1121425
1121368
1121367
1121212
651628
1121900
745497
674808
674800
674798
673586
1121829
1121773
1121768
1121744
1121568
1121513
1121503
1121371
1121312
1121310
1121199
1121168
1121167
676267
1121722
1121700
1121207
745488
673631
673629
657137
1333539
746095
745732
1121888
1121887
1096138
1386574
647865
1123969
1121532
746088
745784
745728
745726
745604
745499
1121845
1121843
1121699
1121471
1121214
745496
676275
674796
673585
1121868
1121764
1121750
1121514
1121512
1121510
1121502
1121500
1121454
1121205
1121203
1121202
1121166
1121107
673670
1121721
1121707
853284
745902
745494
745489
745487
745486
677107
673628
657136
1112847
816693
746094
746093
745907
745789
745786
745735
1121886
1386575
674743
746087
745725
745718
745603
1121472
1121470
1121468
1121213
1123992
1121899
745504
676274
673584
1121865
1121794
1121767
1121748
1121509
1121201
664435
677114
677113
677111
677096
674785
673669
673647
1121641
1060721
745492
673626
673624
1121357
1333538
1112846
1123974
745790
745788
745734
1123968
1121531
651627
1296741
853262
746086
745724
745602
745513
1121849
1121804
1121803
1121469
1121211
1121898
745720
674807
674795
673675
673674
673673
673671
1122226
1121772
1121749
1121511
1121508
1121501
1121429
661348
1123991
677112
677110
677109
677106
677095
677094
673667
673661
745901
673627
1118727
1122225
1121297
1121215
1121191
1118726
1296742
1296740
745719
745512
745398
1121842
1121838
1121802
1121697
1121467
745395
677129
677128
677127
677119
676271
676109
674806
673583
1307607
1121771
1121499
1121496
1121428
1121204
651626
1121197
1123990
677108
677105
677103
677093
677063
674799
674786
674784
673664
673660
673659
673658
673654
1121366
1121365
745391
673655
673653
673630
673625
673623
657135
1121356
1121303
1121302
746097
745913
1307458
1092008
745568
1121190
1121189
1296743
745723
745722
745717
745397
677149
1307457
1121834
1121809
1121800
1121698
1121696
1286454
745503
677126
677118
676270
674805
674797
674794
674792
673672
1121736
1121507
745650
745908
745715
745484
745481
745394
677104
677102
677092
677091
677062
673657
1121684
1121640
1121639
1121364
1121363
1122209
745569
677098
677058
673652
673651
673611
673610
673608
657134
1121953
1121630
1121341
1121295
745567
1121188
1095118
1122217
680840
745721
745399
677148
677147
1307456
1121695
745502
677120
677117
674793
1121735
1121506
1095127
745648
1121516
789822
745483
745482
745480
677101
677089
677087
673666
673665
673663
673656
673650
1121822
1121638
1121362
1121361
1121308
1121307
1095121
1119633
1119632
1122208
745899
677097
677061
677057
673609
673607
1121958
1121354
1121296
1121294
1121206
664431
746096
745912
1121346
1095119
1095117
789823
1122215
677146
1121807
1121806
1121801
1121538
676094
651625
1296738
745649
677116
676108
674765
1121505
1095128
1095126
664394
745714
745479
745393
745392
745389
677141
677100
677088
677086
677066
674773
674762
673662
673646
673637
673582
1121360
1121359
1121342
1121306
1119631
1122210
745898
677060
677059
1121957
1121629
1121628
1121626
1121623
1121353
1121299
1121293
745896
745566
1121345
1121808
1121805
1121799
676093
676090
673613
1121480
745651
745498
745390
677145
677115
676107
674764
1121434
1121198
677140
677099
677085
677084
677065
673649
673634
673581
1121743
1121637
1121535
1121305
1095114
651555
745897
745570
745378
673622
1121956
1121627
1121625
1121622
1095125
1095122
745365
745364
676264
676095
676092
1365247
1121798
676089
673612
1121479
664392
745400
676106
674763
664432
677139
677138
677090
677083
677064
674772
673636
673580
1121961
1121760
1121636
1121304
745381
745376
676100
673621
1121624
1121621
1121403
1095124
1122224
1122222
1122221
1119626
677081
676263
676091
673615
1122216
1121537
1121478
1121477
1121476
1121210
664393
676103
676101
674771
674749
1121960
1121685
1121683
1121635
1121534
1121370
1095113
745380
745377
745369
1121955
1121679
1121678
1121620
1121402
1095123
1122219
1119625
745895
673617
1121495
1095116
853894
1124004
1121618
1205895
1121164
1121453
677144
676105
1121824
1121761
680837
1365250
1205896
745388
677137
676102
673640
1121959
1121747
1121634
1121633
1121631
1208866
664433
1122207
1208864
745379
745375
745374
745368
675359
673620
1121954
1122220
745612
1121619
745894
745893
673616
853895
1121617
1121816
676088
1121612
745610
1121452
1121427
677136
1121610
1205892
745386
673638
673635
1121815
1121632
1121533
651556
664434
745373
675358
673632
1122223
1122218
1119624
1119623
745611
673614
1121564
680860
1121616
1121694
1121693
1121692
651584
1121613
745609
1121449
1121426
677143
676104
1121192
680839
745387
745383
673639
1121814
1121813
1121498
1119714
677125
675355
1121677
1119622
745892
1121565
1121615
1205894
1121611
651585
1121450
677142
1121759
1121162
680838
1208865
745382
677134
673633
1121812
1121742
677124
675357
675354
1119621
653116
1121614
1121448
1121447
1121758
1121536
1122444
654013
680836
674748
1121746
1121195
677123
675356
675353
1033544
677078
1067780
1122214
1122213
1060720
1205893
1121163
1121451
1121446
1121757
1121515
1333582
745367
675352
1121676
1091781
1033545
1122211
1121384
674813
1121445
1333581
1121209
1121196
1121194
1060719
652959
1122212
736420
1365194
1121444
1121756
1033543
1121208
1095120
1306229
675242
745372
1121272
1124002
677080
677075
1121443
677135
1121755
1121754
1296748
675337
677131
745594
675243
1121193
745371
673618
677077
674742
673555
1124003
1124001
1365195
677079
677074
1121442
1121753
1122443
795126
675336
1296749
1306228
1119617
745370
673619
677076
675345
673557
673554
746092
746091
745911
1123821
1121441
677133
675338
677130
647752
841431
1119616
673579
1119630
677082
674741
1124000
675642
746090
745910
1123820
1121440
677132
1121682
647753
675241
1121217
651386
674740
746255
647755
647751
647540
661346
675341
1121439
1278010
1121424
673587
853391
852948
652008
1209277
1306242
674739
673556
673553
647541
745485
675641
675640
853267
675342
716903
1278009
651632
647750
1121681
673578
647754
852938
